[[5,3,12,11,3,14,11,9,12,7],[3,8,11,12,7,10,13,10,6,4],[12,11,14,19,10,12,11,10,11,5],[11,12,19,45,13,10,5,10,12,1],[3,7,10,13,6,9,10,4,7,6],[14,10,12,10,9,18,5,12,12,7],[11,13,11,5,10,5,18,18,7,7],[9,10,10,10,4,12,18,17,9,5],[12,6,11,12,7,12,7,9,17,3],[7,4,5,1,6,7,7,5,3,3]]