[[44,30,42,20,24,35,34,49,43,30],[30,52,35,9,23,35,25,35,26,12],[42,35,24,19,20,47,36,27,38,19],[20,9,19,25,15,25,24,25,15,11],[24,23,20,15,20,13,17,25,25,20],[35,35,47,25,13,22,30,24,37,25],[34,25,36,24,17,30,31,25,28,16],[49,35,27,25,25,24,25,46,19,20],[43,26,38,15,25,37,28,19,25,7],[30,12,19,11,20,25,16,20,7,20]]