[[20,28,33,31,32,22,21,34,39,34],[28,41,29,22,21,24,18,24,34,26],[33,29,50,47,32,14,27,35,29,29],[31,22,47,17,23,20,32,29,25,20],[32,21,32,23,28,20,30,22,19,16],[22,24,14,20,20,28,23,19,16,20],[21,18,27,32,30,23,28,19,25,27],[34,24,35,29,22,19,19,23,17,27],[39,34,29,25,19,16,25,17,30,12],[34,26,29,20,16,20,27,27,12,44]]