[[13,22,16,18,17,19,8,13,11,7],[22,52,41,33,44,32,35,38,27,29],[16,41,27,41,27,26,22,38,18,29],[18,33,41,39,24,20,24,22,19,29],[17,44,27,24,33,14,17,21,12,19],[19,32,26,20,14,21,37,12,27,24],[8,35,22,24,17,37,21,17,13,13],[13,38,38,22,21,12,17,50,17,18],[11,27,18,19,12,27,13,17,22,13],[7,29,29,29,19,24,13,18,13,18]]