[[12,19,28,19,22,13,13,20,17,12],[19,26,32,39,28,27,18,29,21,19],[28,32,41,95,38,44,40,41,29,14],[19,39,95,65,28,36,33,37,35,25],[22,28,38,28,40,21,25,34,24,15],[13,27,44,36,21,23,20,19,25,19],[13,18,40,33,25,20,23,28,24,15],[20,29,41,37,34,19,28,58,30,13],[17,21,29,35,24,25,24,30,23,14],[12,19,14,25,15,19,15,13,14,16]]