[[2,4,5,6,3,9,5,10,5,7],[4,28,28,21,8,14,15,40,23,9],[5,28,19,24,8,13,13,24,20,14],[6,21,24,15,10,3,10,20,20,9],[3,8,8,10,16,18,6,9,6,9],[9,14,13,3,18,30,17,24,16,10],[5,15,13,10,6,17,11,10,7,3],[10,40,24,20,9,24,10,28,16,3],[5,23,20,20,6,16,7,16,14,5],[7,9,14,9,9,10,3,3,5,3]]