[[17,15,29,29,18,18,33,21,25,17],[15,27,21,12,14,15,17,19,10,7],[29,21,43,36,42,27,38,42,32,12],[29,12,36,37,37,21,21,23,23,15],[18,14,42,37,28,26,24,27,20,14],[18,15,27,21,26,16,28,25,13,13],[33,17,38,21,24,28,12,19,17,13],[21,19,42,23,27,25,19,32,29,8],[25,10,32,23,20,13,17,29,14,7],[17,7,12,15,14,13,13,8,7,10]]