[[5,18,7,13,8,15,11,18,14,12],[18,34,25,21,20,29,11,21,26,13],[7,25,24,33,20,26,22,23,18,16],[13,21,33,36,16,24,27,27,15,22],[8,20,20,16,19,24,16,25,17,12],[15,29,26,24,24,28,23,26,18,19],[11,11,22,27,16,23,24,16,6,11],[18,21,23,27,25,26,16,32,18,9],[14,26,18,15,17,18,6,18,22,8],[12,13,16,22,12,19,11,9,8,9]]