[[48,51,62,43,52,74,47,44,54,70],[51,94,71,63,83,96,66,68,106,87],[62,71,120,80,65,116,83,85,140,102],[43,63,80,42,43,57,37,43,55,52],[52,83,65,43,60,59,39,53,66,75],[74,96,116,57,59,92,58,73,80,91],[47,66,83,37,39,58,65,44,52,53],[44,68,85,43,53,73,44,80,69,62],[54,106,140,55,66,80,52,69,92,63],[70,87,102,52,75,91,53,62,63,74]]