[[3,2,4,8,2,7,6,3,4,3],[2,8,14,10,2,12,12,13,18,5],[4,14,17,17,4,8,14,9,15,8],[8,10,17,16,0,8,14,9,16,8],[2,2,4,0,6,6,7,6,8,6],[7,12,8,8,6,6,12,12,12,0],[6,12,14,14,7,12,20,16,17,12],[3,13,9,9,6,12,16,10,12,3],[4,18,15,16,8,12,17,12,20,8],[3,5,8,8,6,0,12,3,8,11]]