[[23,27,43,25,54,21,26,29,30,19],[27,33,50,36,30,38,35,32,28,16],[43,50,102,70,57,64,64,50,57,54],[25,36,70,47,40,28,37,44,27,30],[54,30,57,40,30,42,42,34,32,31],[21,38,64,28,42,27,34,12,24,17],[26,35,64,37,42,34,46,25,36,23],[29,32,50,44,34,12,25,18,14,7],[30,28,57,27,32,24,36,14,25,10],[19,16,54,30,31,17,23,7,10,31]]