[[0.1716,0.1716,0.1716,0.1716,0.1716,0.1716,0.1716,0.1716,0.1716,0.1716,0.312,2.30809999999998,4.30809999999998,2.30809999999998,7.30809999999998,10.3081,3.30809999999998,2.30809999999998,0.312,0.312,0.2613,3.25739999999999,0.2613,0.2613,3.25739999999999,1.2574,3.25739999999999,0.2613,1.2574,0.2613,1.3159,6.31589999999998,6.31589999999998,8.31589999999998,15.3159,17.3159000000001,13.3159,9.31589999999998,5.31589999999998,0.3198,0.3159,2.31199999999998,2.31199999999998,1.312,4.31199999999998,3.31199999999998,3.31199999999998,1.312,1.312,0.3159,0.2106,0.2106,1.2067,0.2106,0.2106,0.2106,0.2106,1.2067,0.2106,0.2106,0.3276,1.3237,12.3237,5.32369999999998,4.32369999999998,18.3237000000001,12.3237,8.32369999999998,1.3237,2.32369999999998,0.2964,1.2925,1.2925,2.29249999999998,4.29249999999998,2.29249999999998,3.29249999999998,2.29249999999998,2.29249999999998,0.2964,0.234,0.234,1.2301,0.234,0.234,0.234,1.2301,0.234,0.234,0.234,1.2964,1.2964,2.29639999999998,2.29639999999998,3.29639999999998,6.29639999999998,1.2964,1.2964,2.29639999999998,0.3003,0.2925,0.2925,5.28859999999998,2.28859999999998,4.28859999999998,8.28859999999998,3.28859999999998,3.28859999999998,5.28859999999998,0.2925,0.312,3.30809999999998,7.30809999999998,8.30809999999998,7.30809999999998,16.3081000000001,11.3081,5.30809999999998,6.30809999999998,0.312,1.3237,2.32369999999998,8.32369999999998,6.32369999999998,10.3237,20.3237000000001,17.3237000000001,5.32369999999998,6.32369999999998,0.3276,2.33149999999998,2.33149999999998,11.3315,7.33149999999998,16.3315000000001,7.33149999999998,16.3315000000001,5.33149999999998,1.3315,0.3354,0.2964,3.29249999999998,3.29249999999998,2.29249999999998,5.29249999999998,11.2925,12.2925,1.2925,3.29249999999998,0.2964,1.3003,0.3042,5.30029999999998,1.3003,6.30029999999998,2.30029999999998,4.30029999999998,4.30029999999998,1.3003,0.3042],[0.1716,3.16769999999999,0.1716,1.1677,0.1716,0.1716,2.16769999999999,1.1677,1.1677,1.1677,4.30809999999998,3.30809999999998,8.30809999999998,4.30809999999998,8.30809999999998,7.30809999999998,7.30809999999998,3.30809999999998,3.30809999999998,1.3081,0.2613,4.25739999999999,4.25739999999999,4.25739999999999,8.25739999999999,4.25739999999999,6.25739999999999,2.25739999999999,2.25739999999999,0.2613,0.3198,7.31589999999998,13.3159,9.31589999999998,19.3159000000001,35.3159000000001,25.3159000000001,1.3159,0.3198,0.3198,0.3159,6.31199999999998,4.31199999999998,2.31199999999998,9.31199999999998,10.312,7.31199999999998,4.31199999999998,8.31199999999998,0.3159,0.2106,0.2106,0.2106,1.2067,0.2106,2.20669999999999,2.20669999999999,0.2106,0.2106,0.2106,1.3237,3.32369999999998,10.3237,6.32369999999998,13.3237,14.3237,10.3237,6.32369999999998,2.32369999999998,0.3276,0.2964,0.2964,7.29249999999998,0.2964,4.29249999999998,3.29249999999998,3.29249999999998,1.2925,1.2925,0.2964,0.234,0.234,3.23009999999999,4.23009999999999,1.2301,2.23009999999999,3.23009999999999,3.23009999999999,0.234,0.234,0.3003,4.29639999999998,11.2964,5.29639999999998,12.2964,12.2964,10.2964,4.29639999999998,0.3003,0.3003,0.2925,3.28859999999998,4.28859999999998,3.28859999999998,3.28859999999998,8.28859999999998,5.28859999999998,1.2886,2.28859999999998,0.2925,0.312,3.30809999999998,6.30809999999998,4.30809999999998,7.30809999999998,18.3081000000001,11.3081,0.312,3.30809999999998,0.312,0.3276,1.3237,3.32369999999998,4.32369999999998,10.3237,14.3237,9.32369999999998,4.32369999999998,6.32369999999998,0.3276,0.3354,1.3315,3.33149999999998,4.33149999999998,9.33149999999998,2.33149999999998,9.33149999999998,2.33149999999998,4.33149999999998,0.3354,0.2964,4.29249999999998,6.29249999999998,5.29249999999998,5.29249999999998,9.29249999999998,8.29249999999998,3.29249999999998,0.2964,0.2964,2.30029999999998,3.30029999999998,8.30029999999998,17.3003000000001,13.3003,16.3003000000001,8.30029999999998,9.30029999999998,2.30029999999998,0.3042],[0.1716,0.1716,6.16769999999999,0.1716,3.16769999999999,2.16769999999999,2.16769999999999,1.1677,0.1716,0.1716,1.3081,2.30809999999998,5.30809999999998,2.30809999999998,6.30809999999998,8.30809999999998,13.3081,1.3081,0.312,0.312,0.2613,2.25739999999999,2.25739999999999,2.25739999999999,5.25739999999999,4.25739999999999,2.25739999999999,3.25739999999999,1.2574,0.2613,0.3198,5.31589999999998,16.3159000000001,8.31589999999998,28.3159000000001,28.3159000000001,28.3159000000001,11.3159,4.31589999999998,1.3159,0.3159,4.31199999999998,2.31199999999998,1.312,2.31199999999998,6.31199999999998,3.31199999999998,1.312,2.31199999999998,0.3159,0.2106,3.20669999999999,7.20669999999999,1.2067,5.20669999999999,6.20669999999999,5.20669999999999,0.2106,1.2067,0.2106,0.3276,6.32369999999998,14.3237,11.3237,16.3237000000001,16.3237000000001,19.3237000000001,4.32369999999998,8.32369999999998,0.3276,0.2964,4.29249999999998,1.2925,4.29249999999998,3.29249999999998,6.29249999999998,5.29249999999998,1.2925,2.29249999999998,0.2964,0.234,0.234,0.234,2.23009999999999,1.2301,2.23009999999999,3.23009999999999,1.2301,0.234,0.234,0.3003,2.29639999999998,3.29639999999998,4.29639999999998,9.29639999999998,9.29639999999998,9.29639999999998,2.29639999999998,2.29639999999998,0.3003,0.2925,1.2886,2.28859999999998,2.28859999999998,5.28859999999998,6.28859999999998,4.28859999999998,3.28859999999998,1.2886,0.2925,0.312,6.30809999999998,14.3081,4.30809999999998,16.3081000000001,25.3081000000001,18.3081000000001,4.30809999999998,2.30809999999998,0.312,0.3276,1.3237,4.32369999999998,3.32369999999998,13.3237,22.3237000000001,17.3237000000001,8.32369999999998,3.32369999999998,0.3276,2.33149999999998,5.33149999999998,8.33149999999998,9.33149999999998,10.3315,14.3315,14.3315,4.33149999999998,2.33149999999998,2.33149999999998,1.2925,4.29249999999998,13.2925,5.29249999999998,16.2925000000001,26.2925000000001,26.2925000000001,6.29249999999998,3.29249999999998,0.2964,0.3042,8.30029999999998,7.30029999999998,3.30029999999998,26.3003000000001,15.3003,10.3003,7.30029999999998,3.30029999999998,0.3042],[0.1716,1.1677,0.1716,3.16769999999999,0.1716,2.16769999999999,2.16769999999999,0.1716,0.1716,0.1716,0.312,6.30809999999998,2.30809999999998,5.30809999999998,5.30809999999998,7.30809999999998,12.3081,1.3081,3.30809999999998,0.312,0.2613,2.25739999999999,3.25739999999999,0.2613,4.25739999999999,1.2574,3.25739999999999,2.25739999999999,1.2574,0.2613,0.3198,0.3198,6.31589999999998,2.31589999999998,10.3159,6.31589999999998,10.3159,4.31589999999998,1.3159,1.3159,2.31199999999998,4.31199999999998,2.31199999999998,6.31199999999998,5.31199999999998,8.31199999999998,7.31199999999998,4.31199999999998,4.31199999999998,0.3159,0.2106,1.2067,1.2067,0.2106,5.20669999999999,6.20669999999999,5.20669999999999,1.2067,1.2067,0.2106,0.3276,3.32369999999998,7.32369999999998,5.32369999999998,18.3237000000001,17.3237000000001,17.3237000000001,2.32369999999998,4.32369999999998,0.3276,1.2925,2.29249999999998,7.29249999999998,5.29249999999998,9.29249999999998,8.29249999999998,6.29249999999998,3.29249999999998,2.29249999999998,0.2964,0.234,1.2301,1.2301,0.234,4.23009999999999,2.23009999999999,3.23009999999999,1.2301,2.23009999999999,0.234,0.3003,3.29639999999998,5.29639999999998,2.29639999999998,10.2964,9.29639999999998,9.29639999999998,7.29639999999998,3.29639999999998,0.3003,0.2925,2.28859999999998,1.2886,4.28859999999998,5.28859999999998,7.28859999999998,7.28859999999998,4.28859999999998,0.2925,0.2925,0.312,0.312,3.30809999999998,2.30809999999998,4.30809999999998,6.30809999999998,4.30809999999998,6.30809999999998,1.3081,0.312,2.32369999999998,1.3237,7.32369999999998,5.32369999999998,8.32369999999998,9.32369999999998,12.3237,5.32369999999998,1.3237,0.3276,0.3354,5.33149999999998,12.3315,3.33149999999998,5.33149999999998,10.3315,11.3315,2.33149999999998,3.33149999999998,1.3315,0.2964,1.2925,6.29249999999998,5.29249999999998,13.2925,18.2925000000001,22.2925000000001,3.29249999999998,0.2964,0.2964,0.3042,3.30029999999998,7.30029999999998,1.3003,14.3003,14.3003,10.3003,2.30029999999998,1.3003,0.3042],[0.1716,0.1716,3.16769999999999,0.1716,2.16769999999999,5.16769999999999,6.16769999999999,2.16769999999999,2.16769999999999,0.1716,0.312,0.312,2.30809999999998,5.30809999999998,3.30809999999998,9.30809999999998,4.30809999999998,1.3081,5.30809999999998,0.312,0.2613,3.25739999999999,1.2574,1.2574,7.25739999999999,5.25739999999999,7.25739999999999,2.25739999999999,3.25739999999999,0.2613,0.3198,6.31589999999998,10.3159,10.3159,18.3159000000001,13.3159,26.3159000000001,10.3159,4.31589999999998,0.3198,0.3159,1.312,3.31199999999998,2.31199999999998,1.312,4.31199999999998,0.3159,2.31199999999998,1.312,0.3159,0.2106,0.2106,0.2106,1.2067,1.2067,1.2067,5.20669999999999,1.2067,1.2067,0.2106,0.3276,2.32369999999998,10.3237,6.32369999999998,15.3237,17.3237000000001,16.3237000000001,3.32369999999998,1.3237,0.3276,0.2964,2.29249999999998,3.29249999999998,2.29249999999998,7.29249999999998,9.29249999999998,10.2925,4.29249999999998,0.2964,0.2964,0.234,0.234,5.23009999999999,1.2301,9.23009999999999,7.23009999999999,9.23009999999999,1.2301,1.2301,0.234,0.3003,3.29639999999998,2.29639999999998,4.29639999999998,5.29639999999998,2.29639999999998,8.29639999999998,7.29639999999998,1.2964,0.3003,0.2925,1.2886,4.28859999999998,1.2886,8.28859999999998,5.28859999999998,6.28859999999998,2.28859999999998,0.2925,0.2925,1.3081,1.3081,5.30809999999998,6.30809999999998,5.30809999999998,15.3081,10.3081,2.30809999999998,1.3081,0.312,1.3237,2.32369999999998,9.32369999999998,2.32369999999998,10.3237,21.3237000000001,17.3237000000001,3.32369999999998,2.32369999999998,0.3276,1.3315,2.33149999999998,6.33149999999998,2.33149999999998,9.33149999999998,10.3315,8.33149999999998,2.33149999999998,2.33149999999998,1.3315,0.2964,4.29249999999998,10.2925,5.29249999999998,10.2925,20.2925000000001,19.2925000000001,3.29249999999998,1.2925,0.2964,0.3042,2.30029999999998,3.30029999999998,0.3042,14.3003,8.30029999999998,13.3003,4.30029999999998,2.30029999999998,0.3042],[0.1716,0.1716,2.16769999999999,2.16769999999999,5.16769999999999,5.16769999999999,4.16769999999999,1.1677,0.1716,0.1716,1.3081,1.3081,5.30809999999998,9.30809999999998,7.30809999999998,8.30809999999998,15.3081,2.30809999999998,1.3081,2.30809999999998,0.2613,3.25739999999999,3.25739999999999,1.2574,2.25739999999999,4.25739999999999,1.2574,0.2613,2.25739999999999,0.2613,0.3198,5.31589999999998,12.3159,5.31589999999998,14.3159,22.3159000000001,29.3159000000001,7.31589999999998,5.31589999999998,0.3198,1.312,4.31199999999998,4.31199999999998,0.3159,6.31199999999998,7.31199999999998,8.31199999999998,5.31199999999998,3.31199999999998,0.3159,0.2106,3.20669999999999,2.20669999999999,3.20669999999999,4.20669999999999,2.20669999999999,5.20669999999999,2.20669999999999,0.2106,0.2106,1.3237,2.32369999999998,6.32369999999998,3.32369999999998,13.3237,8.32369999999998,12.3237,8.32369999999998,2.32369999999998,0.3276,1.2925,1.2925,2.29249999999998,2.29249999999998,6.29249999999998,4.29249999999998,5.29249999999998,2.29249999999998,3.29249999999998,1.2925,0.234,1.2301,1.2301,1.2301,0.234,3.23009999999999,4.23009999999999,1.2301,1.2301,0.234,0.3003,3.29639999999998,4.29639999999998,3.29639999999998,5.29639999999998,10.2964,12.2964,2.29639999999998,1.2964,0.3003,0.2925,3.28859999999998,6.28859999999998,5.28859999999998,8.28859999999998,10.2886,6.28859999999998,5.28859999999998,0.2925,0.2925,0.312,3.30809999999998,13.3081,6.30809999999998,11.3081,8.30809999999998,12.3081,2.30809999999998,2.30809999999998,0.312,0.3276,2.32369999999998,3.32369999999998,5.32369999999998,9.32369999999998,12.3237,9.32369999999998,5.32369999999998,0.3276,0.3276,1.3315,2.33149999999998,8.33149999999998,2.33149999999998,11.3315,7.33149999999998,13.3315,1.3315,1.3315,0.3354,0.2964,2.29249999999998,7.29249999999998,6.29249999999998,7.29249999999998,13.2925,20.2925000000001,2.29249999999998,1.2925,0.2964,0.3042,2.30029999999998,3.30029999999998,5.30029999999998,11.3003,4.30029999999998,14.3003,4.30029999999998,2.30029999999998,0.3042],[0.1716,2.16769999999999,2.16769999999999,2.16769999999999,6.16769999999999,4.16769999999999,7.16769999999999,1.1677,0.1716,0.1716,0.312,2.30809999999998,3.30809999999998,4.30809999999998,11.3081,9.30809999999998,14.3081,7.30809999999998,4.30809999999998,0.312,0.2613,4.25739999999999,3.25739999999999,1.2574,5.25739999999999,7.25739999999999,3.25739999999999,1.2574,1.2574,1.2574,0.3198,4.31589999999998,12.3159,6.31589999999998,12.3159,21.3159000000001,9.31589999999998,5.31589999999998,2.31589999999998,0.3198,1.312,3.31199999999998,9.31199999999998,4.31199999999998,11.312,5.31199999999998,13.312,3.31199999999998,2.31199999999998,0.3159,0.2106,0.2106,1.2067,0.2106,3.20669999999999,4.20669999999999,6.20669999999999,0.2106,0.2106,0.2106,0.3276,7.32369999999998,9.32369999999998,3.32369999999998,19.3237000000001,16.3237000000001,8.32369999999998,8.32369999999998,2.32369999999998,0.3276,1.2925,2.29249999999998,5.29249999999998,3.29249999999998,9.29249999999998,8.29249999999998,10.2925,3.29249999999998,1.2925,0.2964,0.234,5.23009999999999,6.23009999999999,2.23009999999999,9.23009999999999,7.23009999999999,10.2301,2.23009999999999,1.2301,0.234,0.3003,0.3003,4.29639999999998,4.29639999999998,8.29639999999998,8.29639999999998,8.29639999999998,1.2964,5.29639999999998,0.3003,0.2925,2.28859999999998,7.28859999999998,2.28859999999998,11.2886,6.28859999999998,10.2886,2.28859999999998,1.2886,0.2925,0.312,4.30809999999998,8.30809999999998,2.30809999999998,9.30809999999998,14.3081,17.3081000000001,6.30809999999998,1.3081,0.312,1.3237,4.32369999999998,6.32369999999998,13.3237,16.3237000000001,14.3237,11.3237,3.32369999999998,3.32369999999998,0.3276,0.3354,2.33149999999998,5.33149999999998,3.33149999999998,12.3315,14.3315,10.3315,6.33149999999998,2.33149999999998,1.3315,0.2964,4.29249999999998,7.29249999999998,4.29249999999998,11.2925,10.2925,5.29249999999998,4.29249999999998,0.2964,0.2964,0.3042,3.30029999999998,5.30029999999998,7.30029999999998,4.30029999999998,11.3003,9.30029999999998,1.3003,0.3042,0.3042],[0.1716,1.1677,1.1677,0.1716,2.16769999999999,1.1677,1.1677,1.1677,0.1716,0.1716,0.312,3.30809999999998,6.30809999999998,8.30809999999998,13.3081,14.3081,13.3081,4.30809999999998,1.3081,0.312,0.2613,3.25739999999999,3.25739999999999,1.2574,4.25739999999999,10.2574,4.25739999999999,1.2574,0.2613,0.2613,0.3198,3.31589999999998,7.31589999999998,5.31589999999998,18.3159000000001,17.3159000000001,30.3159000000001,4.31589999999998,1.3159,1.3159,0.3159,2.31199999999998,1.312,5.31199999999998,5.31199999999998,9.31199999999998,3.31199999999998,2.31199999999998,2.31199999999998,0.3159,0.2106,1.2067,2.20669999999999,0.2106,1.2067,4.20669999999999,0.2106,1.2067,0.2106,0.2106,0.3276,5.32369999999998,7.32369999999998,6.32369999999998,8.32369999999998,11.3237,5.32369999999998,3.32369999999998,2.32369999999998,0.3276,0.2964,1.2925,2.29249999999998,3.29249999999998,6.29249999999998,6.29249999999998,9.29249999999998,4.29249999999998,0.2964,0.2964,0.234,0.234,2.23009999999999,2.23009999999999,0.234,3.23009999999999,4.23009999999999,0.234,2.23009999999999,0.234,0.3003,4.29639999999998,9.29639999999998,5.29639999999998,12.2964,14.2964,10.2964,6.29639999999998,0.3003,0.3003,0.2925,1.2886,7.28859999999998,2.28859999999998,5.28859999999998,9.28859999999998,7.28859999999998,2.28859999999998,1.2886,0.2925,0.312,3.30809999999998,12.3081,4.30809999999998,10.3081,11.3081,20.3081000000001,5.30809999999998,3.30809999999998,0.312,0.3276,6.32369999999998,6.32369999999998,6.32369999999998,15.3237,14.3237,11.3237,5.32369999999998,3.32369999999998,0.3276,0.3354,0.3354,3.33149999999998,4.33149999999998,5.33149999999998,14.3315,15.3315,1.3315,0.3354,0.3354,0.2964,2.29249999999998,8.29249999999998,3.29249999999998,22.2925000000001,8.29249999999998,8.29249999999998,7.29249999999998,4.29249999999998,0.2964,0.3042,1.3003,3.30029999999998,7.30029999999998,9.30029999999998,12.3003,9.30029999999998,0.3042,5.30029999999998,0.3042],[0.1716,1.1677,0.1716,0.1716,2.16769999999999,0.1716,0.1716,0.1716,6.16769999999999,0.1716,0.312,3.30809999999998,4.30809999999998,4.30809999999998,6.30809999999998,24.3081000000001,18.3081000000001,1.3081,3.30809999999998,0.312,0.2613,0.2613,2.25739999999999,1.2574,6.25739999999999,6.25739999999999,6.25739999999999,2.25739999999999,0.2613,0.2613,0.3198,3.31589999999998,9.31589999999998,7.31589999999998,17.3159000000001,17.3159000000001,26.3159000000001,4.31589999999998,4.31589999999998,0.3198,0.3159,1.312,7.31199999999998,5.31199999999998,4.31199999999998,10.312,12.312,5.31199999999998,2.31199999999998,0.3159,0.2106,3.20669999999999,4.20669999999999,2.20669999999999,1.2067,3.20669999999999,4.20669999999999,2.20669999999999,0.2106,0.2106,0.3276,1.3237,9.32369999999998,1.3237,7.32369999999998,7.32369999999998,10.3237,7.32369999999998,1.3237,0.3276,1.2925,4.29249999999998,4.29249999999998,2.29249999999998,10.2925,9.29249999999998,6.29249999999998,0.2964,1.2925,0.2964,0.234,2.23009999999999,1.2301,7.23009999999999,7.23009999999999,8.23009999999999,6.23009999999999,1.2301,1.2301,0.234,0.3003,4.29639999999998,4.29639999999998,3.29639999999998,7.29639999999998,11.2964,6.29639999999998,3.29639999999998,1.2964,0.3003,0.2925,0.2925,3.28859999999998,4.28859999999998,2.28859999999998,3.28859999999998,4.28859999999998,2.28859999999998,2.28859999999998,0.2925,1.3081,1.3081,9.30809999999998,5.30809999999998,22.3081000000001,15.3081,11.3081,1.3081,1.3081,0.312,0.3276,3.32369999999998,4.32369999999998,4.32369999999998,10.3237,15.3237,11.3237,4.32369999999998,2.32369999999998,0.3276,2.33149999999998,3.33149999999998,3.33149999999998,1.3315,7.33149999999998,10.3315,7.33149999999998,2.33149999999998,4.33149999999998,0.3354,0.2964,0.2964,4.29249999999998,6.29249999999998,9.29249999999998,13.2925,5.29249999999998,2.29249999999998,0.2964,0.2964,1.3003,1.3003,7.30029999999998,3.30029999999998,10.3003,5.30029999999998,14.3003,5.30029999999998,3.30029999999998,0.3042],[0.1716,1.1677,0.1716,0.1716,0.1716,0.1716,0.1716,0.1716,0.1716,0.1716,0.312,0.312,5.30809999999998,2.30809999999998,4.30809999999998,9.30809999999998,5.30809999999998,4.30809999999998,0.312,0.312,0.2613,0.2613,0.2613,0.2613,2.25739999999999,0.2613,1.2574,0.2613,0.2613,0.2613,0.3198,4.31589999999998,6.31589999999998,10.3159,16.3159000000001,19.3159000000001,22.3159000000001,6.31589999999998,3.31589999999998,0.3198,0.3159,1.312,5.31199999999998,3.31199999999998,1.312,5.31199999999998,6.31199999999998,3.31199999999998,1.312,0.3159,0.2106,0.2106,3.20669999999999,2.20669999999999,2.20669999999999,3.20669999999999,2.20669999999999,0.2106,0.2106,1.2067,1.3237,2.32369999999998,3.32369999999998,5.32369999999998,5.32369999999998,10.3237,11.3237,4.32369999999998,4.32369999999998,0.3276,0.2964,0.2964,2.29249999999998,1.2925,1.2925,0.2964,0.2964,2.29249999999998,0.2964,0.2964,0.234,0.234,1.2301,0.234,3.23009999999999,2.23009999999999,2.23009999999999,0.234,1.2301,0.234,0.3003,1.2964,3.29639999999998,2.29639999999998,2.29639999999998,5.29639999999998,4.29639999999998,0.3003,2.29639999999998,0.3003,0.2925,1.2886,2.28859999999998,1.2886,1.2886,6.28859999999998,4.28859999999998,1.2886,1.2886,0.2925,0.312,2.30809999999998,3.30809999999998,7.30809999999998,6.30809999999998,6.30809999999998,4.30809999999998,2.30809999999998,1.3081,0.312,1.3237,5.32369999999998,3.32369999999998,6.32369999999998,7.32369999999998,12.3237,8.32369999999998,1.3237,1.3237,0.3276,0.3354,2.33149999999998,3.33149999999998,5.33149999999998,5.33149999999998,5.33149999999998,6.33149999999998,2.33149999999998,0.3354,0.3354,0.2964,6.29249999999998,3.29249999999998,2.29249999999998,6.29249999999998,5.29249999999998,4.29249999999998,6.29249999999998,1.2925,0.2964,0.3042,3.30029999999998,3.30029999999998,2.30029999999998,7.30029999999998,6.30029999999998,10.3003,0.3042,4.30029999999998,0.3042],[0.312,4.30809999999998,1.3081,0.312,0.312,1.3081,0.312,0.312,0.312,0.312,5.38609999999998,18.3861000000002,7.38609999999998,13.3861,8.38609999999998,15.3861,11.3861,18.3861000000002,14.3861,12.3861,8.37049999999998,5.37049999999998,5.37049999999998,6.37049999999998,6.37049999999998,6.37049999999998,5.37049999999998,2.37049999999998,3.37049999999998,5.37049999999998,21.3861000000002,45.3861000000002,40.3861000000002,30.3861000000002,21.3861000000002,30.3861000000002,28.3861000000002,32.3861000000002,31.3861000000002,28.3861000000002,4.38609999999998,10.3861,4.38609999999998,12.3861,6.38609999999998,9.38609999999998,7.38609999999998,7.38609999999998,5.38609999999998,7.38609999999998,1.3666,4.36659999999998,0.3705,0.3705,1.3666,2.36659999999998,1.3666,0.3705,1.3666,1.3666,9.38609999999998,40.3861000000002,30.3861000000002,19.3861000000002,23.3861000000002,30.3861000000002,28.3861000000002,30.3861000000002,25.3861000000002,9.38609999999998,11.3822,23.3822000000002,8.38219999999998,11.3822,5.38219999999998,13.3822,12.3822,16.3822000000002,5.38219999999998,6.38219999999998,1.3783,5.37829999999998,4.37829999999998,1.3783,1.3783,0.3822,1.3783,0.3822,2.37829999999998,3.37829999999998,3.38609999999998,12.3861,8.38609999999998,10.3861,5.38609999999998,6.38609999999998,10.3861,6.38609999999998,7.38609999999998,8.38609999999998,5.38609999999998,16.3861000000002,14.3861,17.3861000000002,12.3861,19.3861000000002,14.3861,17.3861000000002,12.3861,19.3861000000002,16.3861000000002,37.3861000000002,22.3861000000002,30.3861000000002,39.3861000000002,38.3861000000002,33.3861000000002,41.3861000000002,24.3861000000002,18.3861000000002,17.3861000000002,39.3861000000002,34.3861000000002,33.3861000000002,17.3861000000002,34.3861000000002,21.3861000000002,37.3861000000002,24.3861000000002,20.3861000000002,11.3861,38.3861000000002,25.3861000000002,31.3861000000002,14.3861,28.3861000000002,16.3861000000002,24.3861000000002,28.3861000000002,15.3861,16.3861000000002,22.3861000000002,16.3861000000002,20.3861000000002,12.3861,20.3861000000002,12.3861,27.3861000000002,18.3861000000002,19.3861000000002,13.3861,20.3861000000002,13.3861,17.3861000000002,7.38609999999998,19.3861000000002,19.3861000000002,14.3861,16.3861000000002,8.38609999999998],[2.30809999999998,3.30809999999998,2.30809999999998,6.30809999999998,0.312,1.3081,2.30809999999998,3.30809999999998,3.30809999999998,0.312,18.3861000000002,34.3861000000002,25.3861000000002,21.3861000000002,20.3861000000002,29.3861000000002,11.3861,21.3861000000002,26.3861000000002,13.3861,8.37049999999998,14.3705,14.3705,15.3705,7.37049999999998,20.3705000000001,12.3705,11.3705,7.37049999999998,12.3705,28.3861000000002,50.3861000000002,48.3861000000002,44.3861000000002,28.3861000000002,54.3861000000002,34.3861000000002,70.3861000000002,47.3861000000002,37.3861000000002,14.3861,32.3861000000002,21.3861000000002,20.3861000000002,13.3861,21.3861000000002,14.3861,29.3861000000002,20.3861000000002,21.3861000000002,3.36659999999998,4.36659999999998,0.3705,4.36659999999998,1.3666,1.3666,1.3666,6.36659999999998,1.3666,1.3666,21.3861000000002,29.3861000000002,38.3861000000002,21.3861000000002,20.3861000000002,38.3861000000002,29.3861000000002,35.3861000000002,23.3861000000002,22.3861000000002,7.38219999999998,13.3822,11.3822,6.38219999999998,11.3822,12.3822,7.38219999999998,11.3822,12.3822,10.3822,3.37829999999998,12.3783,10.3783,8.37829999999998,10.3783,7.37829999999998,6.37829999999998,8.37829999999998,6.37829999999998,6.37829999999998,18.3861000000002,34.3861000000002,30.3861000000002,27.3861000000002,18.3861000000002,33.3861000000002,25.3861000000002,37.3861000000002,20.3861000000002,21.3861000000002,9.38609999999998,19.3861000000002,15.3861,16.3861000000002,11.3861,10.3861,12.3861,17.3861000000002,10.3861,15.3861,14.3861,28.3861000000002,18.3861000000002,33.3861000000002,17.3861000000002,35.3861000000002,27.3861000000002,36.3861000000002,26.3861000000002,19.3861000000002,14.3861,27.3861000000002,23.3861000000002,34.3861000000002,19.3861000000002,29.3861000000002,21.3861000000002,30.3861000000002,24.3861000000002,18.3861000000002,9.38609999999998,19.3861000000002,21.3861000000002,17.3861000000002,11.3861,18.3861000000002,12.3861,13.3861,7.38609999999998,10.3861,23.3861000000002,26.3861000000002,29.3861000000002,30.3861000000002,17.3861000000002,31.3861000000002,19.3861000000002,34.3861000000002,22.3861000000002,22.3861000000002,20.3861000000002,48.3861000000002,22.3861000000002,38.3861000000002,26.3861000000002,31.3861000000002,29.3861000000002,47.3861000000002,34.3861000000002,20.3861000000002],[4.30809999999998,8.30809999999998,5.30809999999998,2.30809999999998,2.30809999999998,5.30809999999998,3.30809999999998,6.30809999999998,4.30809999999998,5.30809999999998,7.38609999999998,25.3861000000002,24.3861000000002,33.3861000000002,20.3861000000002,26.3861000000002,22.3861000000002,23.3861000000002,18.3861000000002,16.3861000000002,5.37049999999998,9.37049999999998,5.37049999999998,4.37049999999998,4.37049999999998,8.37049999999998,8.37049999999998,11.3705,3.37049999999998,6.37049999999998,27.3861000000002,61.3861000000002,50.3861000000002,54.3861000000002,36.3861000000002,64.3861000000002,42.3861000000002,77.3861000000002,44.3861000000002,41.3861000000002,12.3861,19.3861000000002,14.3861,17.3861000000002,11.3861,22.3861000000002,16.3861000000002,20.3861000000002,10.3861,9.38609999999998,4.36659999999998,9.36659999999998,10.3666,11.3666,9.36659999999998,19.3666000000001,11.3666,12.3666,12.3666,9.36659999999998,34.3861000000002,51.3861000000002,46.3861000000002,56.3861000000002,44.3861000000002,45.3861000000002,44.3861000000002,70.3861000000002,42.3861000000002,30.3861000000002,13.3822,16.3822000000002,13.3822,18.3822000000002,13.3822,28.3822000000002,10.3822,24.3822000000002,11.3822,15.3822,3.37829999999998,7.37829999999998,9.37829999999998,14.3783,8.37829999999998,11.3783,7.37829999999998,7.37829999999998,7.37829999999998,5.37829999999998,15.3861,22.3861000000002,25.3861000000002,24.3861000000002,15.3861,31.3861000000002,19.3861000000002,29.3861000000002,21.3861000000002,20.3861000000002,11.3861,17.3861000000002,16.3861000000002,15.3861,9.38609999999998,21.3861000000002,16.3861000000002,20.3861000000002,13.3861,17.3861000000002,28.3861000000002,41.3861000000002,32.3861000000002,34.3861000000002,29.3861000000002,40.3861000000002,37.3861000000002,41.3861000000002,43.3861000000002,22.3861000000002,24.3861000000002,24.3861000000002,21.3861000000002,24.3861000000002,27.3861000000002,42.3861000000002,18.3861000000002,57.3861000000002,35.3861000000002,23.3861000000002,17.3861000000002,43.3861000000002,26.3861000000002,30.3861000000002,20.3861000000002,40.3861000000002,29.3861000000002,31.3861000000002,23.3861000000002,24.3861000000002,14.3861,39.3861000000002,35.3861000000002,27.3861000000002,22.3861000000002,38.3861000000002,24.3861000000002,53.3861000000002,32.3861000000002,27.3861000000002,21.3861000000002,29.3861000000002,34.3861000000002,18.3861000000002,18.3861000000002,45.3861000000002,19.3861000000002,40.3861000000002,25.3861000000002,17.3861000000002],[2.30809999999998,4.30809999999998,2.30809999999998,5.30809999999998,5.30809999999998,9.30809999999998,4.30809999999998,8.30809999999998,4.30809999999998,2.30809999999998,13.3861,21.3861000000002,33.3861000000002,36.3861000000002,16.3861000000002,24.3861000000002,27.3861000000002,27.3861000000002,15.3861,22.3861000000002,2.37049999999998,10.3705,10.3705,10.3705,7.37049999999998,9.37049999999998,7.37049999999998,12.3705,9.37049999999998,8.37049999999998,19.3861000000002,52.3861000000002,38.3861000000002,37.3861000000002,37.3861000000002,30.3861000000002,34.3861000000002,35.3861000000002,33.3861000000002,23.3861000000002,10.3861,21.3861000000002,15.3861,11.3861,15.3861,21.3861000000002,17.3861000000002,21.3861000000002,12.3861,7.38609999999998,1.3666,8.36659999999998,8.36659999999998,4.36659999999998,6.36659999999998,17.3666000000001,3.36659999999998,8.36659999999998,9.36659999999998,7.36659999999998,14.3861,33.3861000000002,29.3861000000002,29.3861000000002,29.3861000000002,35.3861000000002,30.3861000000002,39.3861000000002,28.3861000000002,27.3861000000002,11.3822,18.3822000000002,13.3822,14.3822,12.3822,20.3822000000002,10.3822,18.3822000000002,12.3822,9.38219999999998,4.37829999999998,9.37829999999998,2.37829999999998,8.37829999999998,6.37829999999998,5.37829999999998,10.3783,7.37829999999998,2.37829999999998,4.37829999999998,9.38609999999998,27.3861000000002,22.3861000000002,20.3861000000002,19.3861000000002,21.3861000000002,15.3861,17.3861000000002,19.3861000000002,12.3861,19.3861000000002,18.3861000000002,20.3861000000002,20.3861000000002,11.3861,22.3861000000002,14.3861,25.3861000000002,21.3861000000002,12.3861,12.3861,20.3861000000002,31.3861000000002,15.3861,9.38609999999998,10.3861,15.3861,20.3861000000002,14.3861,13.3861,12.3861,30.3861000000002,22.3861000000002,33.3861000000002,11.3861,21.3861000000002,26.3861000000002,33.3861000000002,21.3861000000002,15.3861,19.3861000000002,27.3861000000002,28.3861000000002,21.3861000000002,20.3861000000002,33.3861000000002,22.3861000000002,38.3861000000002,20.3861000000002,19.3861000000002,23.3861000000002,45.3861000000002,34.3861000000002,28.3861000000002,27.3861000000002,40.3861000000002,22.3861000000002,33.3861000000002,26.3861000000002,30.3861000000002,16.3861000000002,27.3861000000002,32.3861000000002,31.3861000000002,19.3861000000002,23.3861000000002,28.3861000000002,33.3861000000002,24.3861000000002,10.3861],[7.30809999999998,8.30809999999998,6.30809999999998,5.30809999999998,3.30809999999998,7.30809999999998,11.3081,13.3081,6.30809999999998,4.30809999999998,8.38609999999998,20.3861000000002,20.3861000000002,16.3861000000002,19.3861000000002,24.3861000000002,16.3861000000002,25.3861000000002,17.3861000000002,12.3861,5.37049999999998,8.37049999999998,13.3705,11.3705,9.37049999999998,7.37049999999998,6.37049999999998,13.3705,7.37049999999998,8.37049999999998,31.3861000000002,41.3861000000002,42.3861000000002,38.3861000000002,45.3861000000002,45.3861000000002,27.3861000000002,43.3861000000002,33.3861000000002,26.3861000000002,2.38609999999998,11.3861,4.38609999999998,7.38609999999998,4.38609999999998,12.3861,5.38609999999998,8.38609999999998,7.38609999999998,7.38609999999998,4.36659999999998,2.36659999999998,4.36659999999998,1.3666,8.36659999999998,9.36659999999998,5.36659999999998,5.36659999999998,2.36659999999998,3.36659999999998,22.3861000000002,31.3861000000002,22.3861000000002,22.3861000000002,21.3861000000002,26.3861000000002,22.3861000000002,48.3861000000002,25.3861000000002,22.3861000000002,11.3822,18.3822000000002,17.3822000000002,13.3822,14.3822,18.3822000000002,19.3822000000002,22.3822000000002,16.3822000000002,15.3822,6.37829999999998,18.3783000000002,10.3783,10.3783,12.3783,19.3783000000002,8.37829999999998,9.37829999999998,10.3783,6.37829999999998,8.38609999999998,15.3861,13.3861,11.3861,9.38609999999998,18.3861000000002,16.3861000000002,18.3861000000002,9.38609999999998,11.3861,7.38609999999998,15.3861,12.3861,14.3861,10.3861,11.3861,8.38609999999998,18.3861000000002,7.38609999999998,11.3861,11.3861,23.3861000000002,17.3861000000002,25.3861000000002,16.3861000000002,26.3861000000002,12.3861,24.3861000000002,19.3861000000002,8.38609999999998,5.38609999999998,29.3861000000002,26.3861000000002,29.3861000000002,16.3861000000002,28.3861000000002,22.3861000000002,30.3861000000002,18.3861000000002,17.3861000000002,11.3861,37.3861000000002,35.3861000000002,27.3861000000002,17.3861000000002,28.3861000000002,16.3861000000002,34.3861000000002,24.3861000000002,23.3861000000002,21.3861000000002,33.3861000000002,31.3861000000002,29.3861000000002,24.3861000000002,22.3861000000002,28.3861000000002,46.3861000000002,28.3861000000002,28.3861000000002,18.3861000000002,43.3861000000002,29.3861000000002,37.3861000000002,23.3861000000002,34.3861000000002,15.3861,44.3861000000002,22.3861000000002,25.3861000000002],[10.3081,7.30809999999998,8.30809999999998,7.30809999999998,9.30809999999998,8.30809999999998,9.30809999999998,14.3081,24.3081000000001,9.30809999999998,15.3861,29.3861000000002,26.3861000000002,24.3861000000002,24.3861000000002,28.3861000000002,23.3861000000002,26.3861000000002,18.3861000000002,19.3861000000002,2.37049999999998,8.37049999999998,8.37049999999998,5.37049999999998,5.37049999999998,8.37049999999998,3.37049999999998,8.37049999999998,4.37049999999998,3.37049999999998,29.3861000000002,57.3861000000002,50.3861000000002,46.3861000000002,39.3861000000002,67.3861000000002,45.3861000000002,52.3861000000002,36.3861000000002,32.3861000000002,10.3861,21.3861000000002,20.3861000000002,13.3861,13.3861,18.3861000000002,17.3861000000002,22.3861000000002,16.3861000000002,20.3861000000002,8.36659999999998,20.3666000000001,10.3666,19.3666000000001,14.3666,15.3666,12.3666,15.3666,12.3666,8.36659999999998,20.3861000000002,37.3861000000002,38.3861000000002,19.3861000000002,18.3861000000002,38.3861000000002,15.3861,34.3861000000002,26.3861000000002,11.3861,6.38219999999998,4.38219999999998,17.3822000000002,15.3822,13.3822,8.38219999999998,9.38219999999998,13.3822,10.3822,8.38219999999998,3.37829999999998,19.3783000000002,7.37829999999998,6.37829999999998,6.37829999999998,10.3783,7.37829999999998,10.3783,7.37829999999998,6.37829999999998,8.38609999999998,27.3861000000002,20.3861000000002,21.3861000000002,9.38609999999998,18.3861000000002,15.3861,28.3861000000002,17.3861000000002,10.3861,14.3861,27.3861000000002,26.3861000000002,20.3861000000002,16.3861000000002,12.3861,18.3861000000002,25.3861000000002,15.3861,20.3861000000002,16.3861000000002,29.3861000000002,27.3861000000002,30.3861000000002,19.3861000000002,37.3861000000002,26.3861000000002,48.3861000000002,22.3861000000002,20.3861000000002,11.3861,23.3861000000002,23.3861000000002,28.3861000000002,9.38609999999998,21.3861000000002,18.3861000000002,23.3861000000002,20.3861000000002,13.3861,22.3861000000002,35.3861000000002,21.3861000000002,19.3861000000002,20.3861000000002,24.3861000000002,16.3861000000002,35.3861000000002,20.3861000000002,23.3861000000002,12.3861,25.3861000000002,27.3861000000002,20.3861000000002,13.3861,37.3861000000002,18.3861000000002,28.3861000000002,19.3861000000002,15.3861,20.3861000000002,30.3861000000002,24.3861000000002,29.3861000000002,18.3861000000002,41.3861000000002,20.3861000000002,28.3861000000002,14.3861,15.3861],[3.30809999999998,7.30809999999998,13.3081,12.3081,4.30809999999998,15.3081,14.3081,13.3081,18.3081000000001,5.30809999999998,11.3861,11.3861,22.3861000000002,27.3861000000002,16.3861000000002,23.3861000000002,24.3861000000002,16.3861000000002,6.38609999999998,11.3861,6.37049999999998,8.37049999999998,11.3705,12.3705,7.37049999999998,7.37049999999998,5.37049999999998,10.3705,11.3705,15.3705,22.3861000000002,39.3861000000002,23.3861000000002,37.3861000000002,31.3861000000002,41.3861000000002,27.3861000000002,40.3861000000002,30.3861000000002,29.3861000000002,18.3861000000002,17.3861000000002,18.3861000000002,19.3861000000002,17.3861000000002,24.3861000000002,18.3861000000002,22.3861000000002,12.3861,16.3861000000002,6.36659999999998,7.36659999999998,8.36659999999998,9.36659999999998,6.36659999999998,11.3666,3.36659999999998,10.3666,3.36659999999998,10.3666,20.3861000000002,35.3861000000002,20.3861000000002,42.3861000000002,28.3861000000002,26.3861000000002,28.3861000000002,47.3861000000002,33.3861000000002,36.3861000000002,11.3822,18.3822000000002,18.3822000000002,16.3822000000002,11.3822,28.3822000000002,21.3822000000002,12.3822,11.3822,14.3822,8.37829999999998,11.3783,12.3783,9.37829999999998,8.37829999999998,20.3783000000002,15.3783,15.3783,7.37829999999998,17.3783000000002,5.38609999999998,13.3861,10.3861,15.3861,20.3861000000002,19.3861000000002,12.3861,11.3861,7.38609999999998,8.38609999999998,9.38609999999998,19.3861000000002,17.3861000000002,19.3861000000002,19.3861000000002,22.3861000000002,10.3861,21.3861000000002,19.3861000000002,13.3861,12.3861,34.3861000000002,19.3861000000002,22.3861000000002,15.3861,31.3861000000002,21.3861000000002,39.3861000000002,26.3861000000002,18.3861000000002,12.3861,27.3861000000002,22.3861000000002,21.3861000000002,18.3861000000002,23.3861000000002,19.3861000000002,32.3861000000002,20.3861000000002,19.3861000000002,24.3861000000002,38.3861000000002,26.3861000000002,22.3861000000002,27.3861000000002,22.3861000000002,15.3861,33.3861000000002,24.3861000000002,25.3861000000002,17.3861000000002,27.3861000000002,23.3861000000002,24.3861000000002,17.3861000000002,23.3861000000002,26.3861000000002,23.3861000000002,24.3861000000002,12.3861,12.3861,25.3861000000002,24.3861000000002,24.3861000000002,13.3861,23.3861000000002,17.3861000000002,33.3861000000002,15.3861,13.3861],[2.30809999999998,3.30809999999998,1.3081,1.3081,1.3081,2.30809999999998,7.30809999999998,4.30809999999998,1.3081,4.30809999999998,18.3861000000002,21.3861000000002,23.3861000000002,27.3861000000002,25.3861000000002,26.3861000000002,16.3861000000002,32.3861000000002,18.3861000000002,9.38609999999998,7.37049999999998,16.3705000000001,10.3705,7.37049999999998,11.3705,15.3705,9.37049999999998,11.3705,8.37049999999998,6.37049999999998,29.3861000000002,42.3861000000002,26.3861000000002,37.3861000000002,37.3861000000002,43.3861000000002,27.3861000000002,64.3861000000002,32.3861000000002,24.3861000000002,11.3861,15.3861,11.3861,10.3861,11.3861,11.3861,8.38609999999998,15.3861,15.3861,11.3861,4.36659999999998,2.36659999999998,3.36659999999998,6.36659999999998,5.36659999999998,7.36659999999998,7.36659999999998,2.36659999999998,3.36659999999998,2.36659999999998,16.3861000000002,24.3861000000002,13.3861,25.3861000000002,21.3861000000002,28.3861000000002,18.3861000000002,23.3861000000002,22.3861000000002,10.3861,10.3822,12.3822,9.38219999999998,11.3822,11.3822,15.3822,11.3822,9.38219999999998,6.38219999999998,7.38219999999998,4.37829999999998,11.3783,6.37829999999998,7.37829999999998,3.37829999999998,9.37829999999998,2.37829999999998,10.3783,3.37829999999998,5.37829999999998,15.3861,24.3861000000002,27.3861000000002,37.3861000000002,19.3861000000002,31.3861000000002,25.3861000000002,33.3861000000002,19.3861000000002,20.3861000000002,10.3861,17.3861000000002,24.3861000000002,25.3861000000002,17.3861000000002,21.3861000000002,12.3861,22.3861000000002,19.3861000000002,11.3861,17.3861000000002,37.3861000000002,30.3861000000002,29.3861000000002,18.3861000000002,42.3861000000002,22.3861000000002,48.3861000000002,25.3861000000002,24.3861000000002,20.3861000000002,30.3861000000002,17.3861000000002,22.3861000000002,22.3861000000002,37.3861000000002,24.3861000000002,35.3861000000002,18.3861000000002,20.3861000000002,17.3861000000002,36.3861000000002,25.3861000000002,31.3861000000002,24.3861000000002,30.3861000000002,18.3861000000002,20.3861000000002,24.3861000000002,27.3861000000002,15.3861,30.3861000000002,27.3861000000002,26.3861000000002,18.3861000000002,26.3861000000002,22.3861000000002,34.3861000000002,30.3861000000002,24.3861000000002,9.38609999999998,39.3861000000002,25.3861000000002,23.3861000000002,26.3861000000002,27.3861000000002,16.3861000000002,46.3861000000002,26.3861000000002,21.3861000000002],[0.312,3.30809999999998,0.312,3.30809999999998,5.30809999999998,1.3081,4.30809999999998,1.3081,3.30809999999998,0.312,14.3861,26.3861000000002,18.3861000000002,15.3861,17.3861000000002,18.3861000000002,6.38609999999998,18.3861000000002,22.3861000000002,8.38609999999998,1.3705,9.37049999999998,13.3705,11.3705,3.37049999999998,12.3705,6.37049999999998,7.37049999999998,8.37049999999998,7.37049999999998,27.3861000000002,45.3861000000002,42.3861000000002,45.3861000000002,39.3861000000002,68.3861000000002,28.3861000000002,77.3861000000002,48.3861000000002,33.3861000000002,16.3861000000002,18.3861000000002,22.3861000000002,20.3861000000002,17.3861000000002,27.3861000000002,17.3861000000002,29.3861000000002,13.3861,10.3861,7.36659999999998,10.3666,4.36659999999998,10.3666,3.36659999999998,12.3666,2.36659999999998,11.3666,7.36659999999998,8.36659999999998,16.3861000000002,31.3861000000002,21.3861000000002,21.3861000000002,14.3861,28.3861000000002,22.3861000000002,17.3861000000002,20.3861000000002,21.3861000000002,14.3822,26.3822000000002,16.3822000000002,17.3822000000002,14.3822,29.3822000000002,13.3822,26.382200000000