[[0.2156,0.2156,0.2156,0.2156,0.2156,0.2156,0.2156,0.2156,0.2156,0.2156,0.392,2.38710000000001,4.38710000000001,2.38710000000001,7.38710000000001,10.3870999999999,3.38710000000001,2.38710000000001,0.392,0.392,0.3283,3.32340000000001,0.3283,0.3283,3.32340000000001,1.32339999999999,3.32340000000001,0.3283,1.32339999999999,0.3283,1.39689999999999,6.39690000000001,6.39690000000001,8.39689999999994,15.3968999999999,17.3968999999999,13.3968999999999,9.39689999999994,5.39690000000001,0.4018,0.3969,2.39200000000001,2.39200000000001,1.39199999999999,4.39200000000001,3.39200000000001,3.39200000000001,1.39199999999999,1.39199999999999,0.3969,0.2646,0.2646,1.25969999999999,0.2646,0.2646,0.2646,0.2646,1.25969999999999,0.2646,0.2646,0.4116,1.40669999999999,12.4066999999999,5.40670000000001,4.40670000000001,18.4066999999999,12.4066999999999,8.40669999999994,1.40669999999999,2.40670000000001,0.3724,1.36749999999999,1.36749999999999,2.36750000000001,4.36750000000001,2.36750000000001,3.36750000000001,2.36750000000001,2.36750000000001,0.3724,0.294,0.294,1.28909999999999,0.294,0.294,0.294,1.28909999999999,0.294,0.294,0.294,1.37239999999999,1.37239999999999,2.37240000000001,2.37240000000001,3.37240000000001,6.37240000000001,1.37239999999999,1.37239999999999,2.37240000000001,0.3773,0.3675,0.3675,5.36260000000001,2.36260000000001,4.36260000000001,8.36259999999994,3.36260000000001,3.36260000000001,5.36260000000001,0.3675,0.392,3.38710000000001,7.38710000000001,8.38709999999994,7.38710000000001,16.3870999999999,11.3870999999999,5.38710000000001,6.38710000000001,0.392,1.40669999999999,2.40670000000001,8.40669999999994,6.40670000000001,10.4066999999999,20.4066999999999,17.4066999999999,5.40670000000001,6.40670000000001,0.4116,2.41650000000001,2.41650000000001,11.4164999999999,7.41650000000001,16.4164999999999,7.41650000000001,16.4164999999999,5.41650000000001,1.41649999999999,0.4214,0.3724,3.36750000000001,3.36750000000001,2.36750000000001,5.36750000000001,11.3674999999999,12.3674999999999,1.36749999999999,3.36750000000001,0.3724,1.37729999999999,0.3822,5.37730000000001,1.37729999999999,6.37730000000001,2.37730000000001,4.37730000000001,4.37730000000001,1.37729999999999,0.3822],[0.2156,3.21070000000001,0.2156,1.2107,0.2156,0.2156,2.21070000000001,1.2107,1.2107,1.2107,4.38710000000001,3.38710000000001,8.38709999999994,4.38710000000001,8.38709999999994,7.38710000000001,7.38710000000001,3.38710000000001,3.38710000000001,1.38709999999999,0.3283,4.32340000000001,4.32340000000001,4.32340000000001,8.32339999999995,4.32340000000001,6.32340000000001,2.32340000000001,2.32340000000001,0.3283,0.4018,7.39690000000001,13.3968999999999,9.39689999999994,19.3968999999999,35.3968999999999,25.3968999999999,1.39689999999999,0.4018,0.4018,0.3969,6.39200000000001,4.39200000000001,2.39200000000001,9.39199999999994,10.3919999999999,7.39200000000001,4.39200000000001,8.39199999999994,0.3969,0.2646,0.2646,0.2646,1.25969999999999,0.2646,2.25970000000001,2.25970000000001,0.2646,0.2646,0.2646,1.40669999999999,3.40670000000001,10.4066999999999,6.40670000000001,13.4066999999999,14.4066999999999,10.4066999999999,6.40670000000001,2.40670000000001,0.4116,0.3724,0.3724,7.36750000000001,0.3724,4.36750000000001,3.36750000000001,3.36750000000001,1.36749999999999,1.36749999999999,0.3724,0.294,0.294,3.28910000000001,4.28910000000001,1.28909999999999,2.28910000000001,3.28910000000001,3.28910000000001,0.294,0.294,0.3773,4.37240000000001,11.3723999999999,5.37240000000001,12.3723999999999,12.3723999999999,10.3723999999999,4.37240000000001,0.3773,0.3773,0.3675,3.36260000000001,4.36260000000001,3.36260000000001,3.36260000000001,8.36259999999994,5.36260000000001,1.36259999999999,2.36260000000001,0.3675,0.392,3.38710000000001,6.38710000000001,4.38710000000001,7.38710000000001,18.3870999999999,11.3870999999999,0.392,3.38710000000001,0.392,0.4116,1.40669999999999,3.40670000000001,4.40670000000001,10.4066999999999,14.4066999999999,9.40669999999994,4.40670000000001,6.40670000000001,0.4116,0.4214,1.41649999999999,3.41650000000001,4.41650000000001,9.41649999999994,2.41650000000001,9.41649999999994,2.41650000000001,4.41650000000001,0.4214,0.3724,4.36750000000001,6.36750000000001,5.36750000000001,5.36750000000001,9.36749999999994,8.36749999999994,3.36750000000001,0.3724,0.3724,2.37730000000001,3.37730000000001,8.37729999999994,17.3772999999999,13.3772999999999,16.3772999999999,8.37729999999994,9.37729999999994,2.37730000000001,0.3822],[0.2156,0.2156,6.21070000000001,0.2156,3.21070000000001,2.21070000000001,2.21070000000001,1.2107,0.2156,0.2156,1.38709999999999,2.38710000000001,5.38710000000001,2.38710000000001,6.38710000000001,8.38709999999994,13.3870999999999,1.38709999999999,0.392,0.392,0.3283,2.32340000000001,2.32340000000001,2.32340000000001,5.32340000000001,4.32340000000001,2.32340000000001,3.32340000000001,1.32339999999999,0.3283,0.4018,5.39690000000001,16.3968999999999,8.39689999999994,28.3968999999999,28.3968999999999,28.3968999999999,11.3968999999999,4.39690000000001,1.39689999999999,0.3969,4.39200000000001,2.39200000000001,1.39199999999999,2.39200000000001,6.39200000000001,3.39200000000001,1.39199999999999,2.39200000000001,0.3969,0.2646,3.25970000000001,7.25970000000001,1.25969999999999,5.25970000000001,6.25970000000001,5.25970000000001,0.2646,1.25969999999999,0.2646,0.4116,6.40670000000001,14.4066999999999,11.4066999999999,16.4066999999999,16.4066999999999,19.4066999999999,4.40670000000001,8.40669999999994,0.4116,0.3724,4.36750000000001,1.36749999999999,4.36750000000001,3.36750000000001,6.36750000000001,5.36750000000001,1.36749999999999,2.36750000000001,0.3724,0.294,0.294,0.294,2.28910000000001,1.28909999999999,2.28910000000001,3.28910000000001,1.28909999999999,0.294,0.294,0.3773,2.37240000000001,3.37240000000001,4.37240000000001,9.37239999999994,9.37239999999994,9.37239999999994,2.37240000000001,2.37240000000001,0.3773,0.3675,1.36259999999999,2.36260000000001,2.36260000000001,5.36260000000001,6.36260000000001,4.36260000000001,3.36260000000001,1.36259999999999,0.3675,0.392,6.38710000000001,14.3870999999999,4.38710000000001,16.3870999999999,25.3870999999999,18.3870999999999,4.38710000000001,2.38710000000001,0.392,0.4116,1.40669999999999,4.40670000000001,3.40670000000001,13.4066999999999,22.4066999999999,17.4066999999999,8.40669999999994,3.40670000000001,0.4116,2.41650000000001,5.41650000000001,8.41649999999994,9.41649999999994,10.4164999999999,14.4164999999999,14.4164999999999,4.41650000000001,2.41650000000001,2.41650000000001,1.36749999999999,4.36750000000001,13.3674999999999,5.36750000000001,16.3674999999999,26.3674999999999,26.3674999999999,6.36750000000001,3.36750000000001,0.3724,0.3822,8.37729999999994,7.37730000000001,3.37730000000001,26.3772999999999,15.3772999999999,10.3772999999999,7.37730000000001,3.37730000000001,0.3822],[0.2156,1.2107,0.2156,3.21070000000001,0.2156,2.21070000000001,2.21070000000001,0.2156,0.2156,0.2156,0.392,6.38710000000001,2.38710000000001,5.38710000000001,5.38710000000001,7.38710000000001,12.3870999999999,1.38709999999999,3.38710000000001,0.392,0.3283,2.32340000000001,3.32340000000001,0.3283,4.32340000000001,1.32339999999999,3.32340000000001,2.32340000000001,1.32339999999999,0.3283,0.4018,0.4018,6.39690000000001,2.39690000000001,10.3968999999999,6.39690000000001,10.3968999999999,4.39690000000001,1.39689999999999,1.39689999999999,2.39200000000001,4.39200000000001,2.39200000000001,6.39200000000001,5.39200000000001,8.39199999999994,7.39200000000001,4.39200000000001,4.39200000000001,0.3969,0.2646,1.25969999999999,1.25969999999999,0.2646,5.25970000000001,6.25970000000001,5.25970000000001,1.25969999999999,1.25969999999999,0.2646,0.4116,3.40670000000001,7.40670000000001,5.40670000000001,18.4066999999999,17.4066999999999,17.4066999999999,2.40670000000001,4.40670000000001,0.4116,1.36749999999999,2.36750000000001,7.36750000000001,5.36750000000001,9.36749999999994,8.36749999999994,6.36750000000001,3.36750000000001,2.36750000000001,0.3724,0.294,1.28909999999999,1.28909999999999,0.294,4.28910000000001,2.28910000000001,3.28910000000001,1.28909999999999,2.28910000000001,0.294,0.3773,3.37240000000001,5.37240000000001,2.37240000000001,10.3723999999999,9.37239999999994,9.37239999999994,7.37240000000001,3.37240000000001,0.3773,0.3675,2.36260000000001,1.36259999999999,4.36260000000001,5.36260000000001,7.36260000000001,7.36260000000001,4.36260000000001,0.3675,0.3675,0.392,0.392,3.38710000000001,2.38710000000001,4.38710000000001,6.38710000000001,4.38710000000001,6.38710000000001,1.38709999999999,0.392,2.40670000000001,1.40669999999999,7.40670000000001,5.40670000000001,8.40669999999994,9.40669999999994,12.4066999999999,5.40670000000001,1.40669999999999,0.4116,0.4214,5.41650000000001,12.4164999999999,3.41650000000001,5.41650000000001,10.4164999999999,11.4164999999999,2.41650000000001,3.41650000000001,1.41649999999999,0.3724,1.36749999999999,6.36750000000001,5.36750000000001,13.3674999999999,18.3674999999999,22.3674999999999,3.36750000000001,0.3724,0.3724,0.3822,3.37730000000001,7.37730000000001,1.37729999999999,14.3772999999999,14.3772999999999,10.3772999999999,2.37730000000001,1.37729999999999,0.3822],[0.2156,0.2156,3.21070000000001,0.2156,2.21070000000001,5.21070000000001,6.21070000000001,2.21070000000001,2.21070000000001,0.2156,0.392,0.392,2.38710000000001,5.38710000000001,3.38710000000001,9.38709999999994,4.38710000000001,1.38709999999999,5.38710000000001,0.392,0.3283,3.32340000000001,1.32339999999999,1.32339999999999,7.32340000000001,5.32340000000001,7.32340000000001,2.32340000000001,3.32340000000001,0.3283,0.4018,6.39690000000001,10.3968999999999,10.3968999999999,18.3968999999999,13.3968999999999,26.3968999999999,10.3968999999999,4.39690000000001,0.4018,0.3969,1.39199999999999,3.39200000000001,2.39200000000001,1.39199999999999,4.39200000000001,0.3969,2.39200000000001,1.39199999999999,0.3969,0.2646,0.2646,0.2646,1.25969999999999,1.25969999999999,1.25969999999999,5.25970000000001,1.25969999999999,1.25969999999999,0.2646,0.4116,2.40670000000001,10.4066999999999,6.40670000000001,15.4066999999999,17.4066999999999,16.4066999999999,3.40670000000001,1.40669999999999,0.4116,0.3724,2.36750000000001,3.36750000000001,2.36750000000001,7.36750000000001,9.36749999999994,10.3674999999999,4.36750000000001,0.3724,0.3724,0.294,0.294,5.28910000000001,1.28909999999999,9.28909999999996,7.28910000000001,9.28909999999996,1.28909999999999,1.28909999999999,0.294,0.3773,3.37240000000001,2.37240000000001,4.37240000000001,5.37240000000001,2.37240000000001,8.37239999999994,7.37240000000001,1.37239999999999,0.3773,0.3675,1.36259999999999,4.36260000000001,1.36259999999999,8.36259999999994,5.36260000000001,6.36260000000001,2.36260000000001,0.3675,0.3675,1.38709999999999,1.38709999999999,5.38710000000001,6.38710000000001,5.38710000000001,15.3870999999999,10.3870999999999,2.38710000000001,1.38709999999999,0.392,1.40669999999999,2.40670000000001,9.40669999999994,2.40670000000001,10.4066999999999,21.4066999999999,17.4066999999999,3.40670000000001,2.40670000000001,0.4116,1.41649999999999,2.41650000000001,6.41650000000001,2.41650000000001,9.41649999999994,10.4164999999999,8.41649999999994,2.41650000000001,2.41650000000001,1.41649999999999,0.3724,4.36750000000001,10.3674999999999,5.36750000000001,10.3674999999999,20.3674999999999,19.3674999999999,3.36750000000001,1.36749999999999,0.3724,0.3822,2.37730000000001,3.37730000000001,0.3822,14.3772999999999,8.37729999999994,13.3772999999999,4.37730000000001,2.37730000000001,0.3822],[0.2156,0.2156,2.21070000000001,2.21070000000001,5.21070000000001,5.21070000000001,4.21070000000001,1.2107,0.2156,0.2156,1.38709999999999,1.38709999999999,5.38710000000001,9.38709999999994,7.38710000000001,8.38709999999994,15.3870999999999,2.38710000000001,1.38709999999999,2.38710000000001,0.3283,3.32340000000001,3.32340000000001,1.32339999999999,2.32340000000001,4.32340000000001,1.32339999999999,0.3283,2.32340000000001,0.3283,0.4018,5.39690000000001,12.3968999999999,5.39690000000001,14.3968999999999,22.3968999999999,29.3968999999999,7.39690000000001,5.39690000000001,0.4018,1.39199999999999,4.39200000000001,4.39200000000001,0.3969,6.39200000000001,7.39200000000001,8.39199999999994,5.39200000000001,3.39200000000001,0.3969,0.2646,3.25970000000001,2.25970000000001,3.25970000000001,4.25970000000001,2.25970000000001,5.25970000000001,2.25970000000001,0.2646,0.2646,1.40669999999999,2.40670000000001,6.40670000000001,3.40670000000001,13.4066999999999,8.40669999999994,12.4066999999999,8.40669999999994,2.40670000000001,0.4116,1.36749999999999,1.36749999999999,2.36750000000001,2.36750000000001,6.36750000000001,4.36750000000001,5.36750000000001,2.36750000000001,3.36750000000001,1.36749999999999,0.294,1.28909999999999,1.28909999999999,1.28909999999999,0.294,3.28910000000001,4.28910000000001,1.28909999999999,1.28909999999999,0.294,0.3773,3.37240000000001,4.37240000000001,3.37240000000001,5.37240000000001,10.3723999999999,12.3723999999999,2.37240000000001,1.37239999999999,0.3773,0.3675,3.36260000000001,6.36260000000001,5.36260000000001,8.36259999999994,10.3625999999999,6.36260000000001,5.36260000000001,0.3675,0.3675,0.392,3.38710000000001,13.3870999999999,6.38710000000001,11.3870999999999,8.38709999999994,12.3870999999999,2.38710000000001,2.38710000000001,0.392,0.4116,2.40670000000001,3.40670000000001,5.40670000000001,9.40669999999994,12.4066999999999,9.40669999999994,5.40670000000001,0.4116,0.4116,1.41649999999999,2.41650000000001,8.41649999999994,2.41650000000001,11.4164999999999,7.41650000000001,13.4164999999999,1.41649999999999,1.41649999999999,0.4214,0.3724,2.36750000000001,7.36750000000001,6.36750000000001,7.36750000000001,13.3674999999999,20.3674999999999,2.36750000000001,1.36749999999999,0.3724,0.3822,2.37730000000001,3.37730000000001,5.37730000000001,11.3772999999999,4.37730000000001,14.3772999999999,4.37730000000001,2.37730000000001,0.3822],[0.2156,2.21070000000001,2.21070000000001,2.21070000000001,6.21070000000001,4.21070000000001,7.21070000000001,1.2107,0.2156,0.2156,0.392,2.38710000000001,3.38710000000001,4.38710000000001,11.3870999999999,9.38709999999994,14.3870999999999,7.38710000000001,4.38710000000001,0.392,0.3283,4.32340000000001,3.32340000000001,1.32339999999999,5.32340000000001,7.32340000000001,3.32340000000001,1.32339999999999,1.32339999999999,1.32339999999999,0.4018,4.39690000000001,12.3968999999999,6.39690000000001,12.3968999999999,21.3968999999999,9.39689999999994,5.39690000000001,2.39690000000001,0.4018,1.39199999999999,3.39200000000001,9.39199999999994,4.39200000000001,11.3919999999999,5.39200000000001,13.3919999999999,3.39200000000001,2.39200000000001,0.3969,0.2646,0.2646,1.25969999999999,0.2646,3.25970000000001,4.25970000000001,6.25970000000001,0.2646,0.2646,0.2646,0.4116,7.40670000000001,9.40669999999994,3.40670000000001,19.4066999999999,16.4066999999999,8.40669999999994,8.40669999999994,2.40670000000001,0.4116,1.36749999999999,2.36750000000001,5.36750000000001,3.36750000000001,9.36749999999994,8.36749999999994,10.3674999999999,3.36750000000001,1.36749999999999,0.3724,0.294,5.28910000000001,6.28910000000001,2.28910000000001,9.28909999999996,7.28910000000001,10.2891,2.28910000000001,1.28909999999999,0.294,0.3773,0.3773,4.37240000000001,4.37240000000001,8.37239999999994,8.37239999999994,8.37239999999994,1.37239999999999,5.37240000000001,0.3773,0.3675,2.36260000000001,7.36260000000001,2.36260000000001,11.3625999999999,6.36260000000001,10.3625999999999,2.36260000000001,1.36259999999999,0.3675,0.392,4.38710000000001,8.38709999999994,2.38710000000001,9.38709999999994,14.3870999999999,17.3870999999999,6.38710000000001,1.38709999999999,0.392,1.40669999999999,4.40670000000001,6.40670000000001,13.4066999999999,16.4066999999999,14.4066999999999,11.4066999999999,3.40670000000001,3.40670000000001,0.4116,0.4214,2.41650000000001,5.41650000000001,3.41650000000001,12.4164999999999,14.4164999999999,10.4164999999999,6.41650000000001,2.41650000000001,1.41649999999999,0.3724,4.36750000000001,7.36750000000001,4.36750000000001,11.3674999999999,10.3674999999999,5.36750000000001,4.36750000000001,0.3724,0.3724,0.3822,3.37730000000001,5.37730000000001,7.37730000000001,4.37730000000001,11.3772999999999,9.37729999999994,1.37729999999999,0.3822,0.3822],[0.2156,1.2107,1.2107,0.2156,2.21070000000001,1.2107,1.2107,1.2107,0.2156,0.2156,0.392,3.38710000000001,6.38710000000001,8.38709999999994,13.3870999999999,14.3870999999999,13.3870999999999,4.38710000000001,1.38709999999999,0.392,0.3283,3.32340000000001,3.32340000000001,1.32339999999999,4.32340000000001,10.3233999999999,4.32340000000001,1.32339999999999,0.3283,0.3283,0.4018,3.39690000000001,7.39690000000001,5.39690000000001,18.3968999999999,17.3968999999999,30.3968999999999,4.39690000000001,1.39689999999999,1.39689999999999,0.3969,2.39200000000001,1.39199999999999,5.39200000000001,5.39200000000001,9.39199999999994,3.39200000000001,2.39200000000001,2.39200000000001,0.3969,0.2646,1.25969999999999,2.25970000000001,0.2646,1.25969999999999,4.25970000000001,0.2646,1.25969999999999,0.2646,0.2646,0.4116,5.40670000000001,7.40670000000001,6.40670000000001,8.40669999999994,11.4066999999999,5.40670000000001,3.40670000000001,2.40670000000001,0.4116,0.3724,1.36749999999999,2.36750000000001,3.36750000000001,6.36750000000001,6.36750000000001,9.36749999999994,4.36750000000001,0.3724,0.3724,0.294,0.294,2.28910000000001,2.28910000000001,0.294,3.28910000000001,4.28910000000001,0.294,2.28910000000001,0.294,0.3773,4.37240000000001,9.37239999999994,5.37240000000001,12.3723999999999,14.3723999999999,10.3723999999999,6.37240000000001,0.3773,0.3773,0.3675,1.36259999999999,7.36260000000001,2.36260000000001,5.36260000000001,9.36259999999994,7.36260000000001,2.36260000000001,1.36259999999999,0.3675,0.392,3.38710000000001,12.3870999999999,4.38710000000001,10.3870999999999,11.3870999999999,20.3870999999999,5.38710000000001,3.38710000000001,0.392,0.4116,6.40670000000001,6.40670000000001,6.40670000000001,15.4066999999999,14.4066999999999,11.4066999999999,5.40670000000001,3.40670000000001,0.4116,0.4214,0.4214,3.41650000000001,4.41650000000001,5.41650000000001,14.4164999999999,15.4164999999999,1.41649999999999,0.4214,0.4214,0.3724,2.36750000000001,8.36749999999994,3.36750000000001,22.3674999999999,8.36749999999994,8.36749999999994,7.36750000000001,4.36750000000001,0.3724,0.3822,1.37729999999999,3.37730000000001,7.37730000000001,9.37729999999994,12.3772999999999,9.37729999999994,0.3822,5.37730000000001,0.3822],[0.2156,1.2107,0.2156,0.2156,2.21070000000001,0.2156,0.2156,0.2156,6.21070000000001,0.2156,0.392,3.38710000000001,4.38710000000001,4.38710000000001,6.38710000000001,24.3870999999999,18.3870999999999,1.38709999999999,3.38710000000001,0.392,0.3283,0.3283,2.32340000000001,1.32339999999999,6.32340000000001,6.32340000000001,6.32340000000001,2.32340000000001,0.3283,0.3283,0.4018,3.39690000000001,9.39689999999994,7.39690000000001,17.3968999999999,17.3968999999999,26.3968999999999,4.39690000000001,4.39690000000001,0.4018,0.3969,1.39199999999999,7.39200000000001,5.39200000000001,4.39200000000001,10.3919999999999,12.3919999999999,5.39200000000001,2.39200000000001,0.3969,0.2646,3.25970000000001,4.25970000000001,2.25970000000001,1.25969999999999,3.25970000000001,4.25970000000001,2.25970000000001,0.2646,0.2646,0.4116,1.40669999999999,9.40669999999994,1.40669999999999,7.40670000000001,7.40670000000001,10.4066999999999,7.40670000000001,1.40669999999999,0.4116,1.36749999999999,4.36750000000001,4.36750000000001,2.36750000000001,10.3674999999999,9.36749999999994,6.36750000000001,0.3724,1.36749999999999,0.3724,0.294,2.28910000000001,1.28909999999999,7.28910000000001,7.28910000000001,8.28909999999996,6.28910000000001,1.28909999999999,1.28909999999999,0.294,0.3773,4.37240000000001,4.37240000000001,3.37240000000001,7.37240000000001,11.3723999999999,6.37240000000001,3.37240000000001,1.37239999999999,0.3773,0.3675,0.3675,3.36260000000001,4.36260000000001,2.36260000000001,3.36260000000001,4.36260000000001,2.36260000000001,2.36260000000001,0.3675,1.38709999999999,1.38709999999999,9.38709999999994,5.38710000000001,22.3870999999999,15.3870999999999,11.3870999999999,1.38709999999999,1.38709999999999,0.392,0.4116,3.40670000000001,4.40670000000001,4.40670000000001,10.4066999999999,15.4066999999999,11.4066999999999,4.40670000000001,2.40670000000001,0.4116,2.41650000000001,3.41650000000001,3.41650000000001,1.41649999999999,7.41650000000001,10.4164999999999,7.41650000000001,2.41650000000001,4.41650000000001,0.4214,0.3724,0.3724,4.36750000000001,6.36750000000001,9.36749999999994,13.3674999999999,5.36750000000001,2.36750000000001,0.3724,0.3724,1.37729999999999,1.37729999999999,7.37730000000001,3.37730000000001,10.3772999999999,5.37730000000001,14.3772999999999,5.37730000000001,3.37730000000001,0.3822],[0.2156,1.2107,0.2156,0.2156,0.2156,0.2156,0.2156,0.2156,0.2156,0.2156,0.392,0.392,5.38710000000001,2.38710000000001,4.38710000000001,9.38709999999994,5.38710000000001,4.38710000000001,0.392,0.392,0.3283,0.3283,0.3283,0.3283,2.32340000000001,0.3283,1.32339999999999,0.3283,0.3283,0.3283,0.4018,4.39690000000001,6.39690000000001,10.3968999999999,16.3968999999999,19.3968999999999,22.3968999999999,6.39690000000001,3.39690000000001,0.4018,0.3969,1.39199999999999,5.39200000000001,3.39200000000001,1.39199999999999,5.39200000000001,6.39200000000001,3.39200000000001,1.39199999999999,0.3969,0.2646,0.2646,3.25970000000001,2.25970000000001,2.25970000000001,3.25970000000001,2.25970000000001,0.2646,0.2646,1.25969999999999,1.40669999999999,2.40670000000001,3.40670000000001,5.40670000000001,5.40670000000001,10.4066999999999,11.4066999999999,4.40670000000001,4.40670000000001,0.4116,0.3724,0.3724,2.36750000000001,1.36749999999999,1.36749999999999,0.3724,0.3724,2.36750000000001,0.3724,0.3724,0.294,0.294,1.28909999999999,0.294,3.28910000000001,2.28910000000001,2.28910000000001,0.294,1.28909999999999,0.294,0.3773,1.37239999999999,3.37240000000001,2.37240000000001,2.37240000000001,5.37240000000001,4.37240000000001,0.3773,2.37240000000001,0.3773,0.3675,1.36259999999999,2.36260000000001,1.36259999999999,1.36259999999999,6.36260000000001,4.36260000000001,1.36259999999999,1.36259999999999,0.3675,0.392,2.38710000000001,3.38710000000001,7.38710000000001,6.38710000000001,6.38710000000001,4.38710000000001,2.38710000000001,1.38709999999999,0.392,1.40669999999999,5.40670000000001,3.40670000000001,6.40670000000001,7.40670000000001,12.4066999999999,8.40669999999994,1.40669999999999,1.40669999999999,0.4116,0.4214,2.41650000000001,3.41650000000001,5.41650000000001,5.41650000000001,5.41650000000001,6.41650000000001,2.41650000000001,0.4214,0.4214,0.3724,6.36750000000001,3.36750000000001,2.36750000000001,6.36750000000001,5.36750000000001,4.36750000000001,6.36750000000001,1.36749999999999,0.3724,0.3822,3.37730000000001,3.37730000000001,2.37730000000001,7.37730000000001,6.37730000000001,10.3772999999999,0.3822,4.37730000000001,0.3822],[0.392,4.38710000000001,1.38709999999999,0.392,0.392,1.38709999999999,0.392,0.392,0.392,0.392,5.48510000000001,18.4850999999999,7.48510000000001,13.4850999999999,8.48509999999992,15.4850999999999,11.4850999999999,18.4850999999999,14.4850999999999,12.4850999999999,8.46549999999993,5.46550000000001,5.46550000000001,6.46550000000001,6.46550000000001,6.46550000000001,5.46550000000001,2.46550000000001,3.46550000000001,5.46550000000001,21.4850999999999,45.4850999999999,40.4850999999999,30.4850999999999,21.4850999999999,30.4850999999999,28.4850999999999,32.4850999999999,31.4850999999999,28.4850999999999,4.48510000000001,10.4850999999999,4.48510000000001,12.4850999999999,6.48510000000001,9.48509999999992,7.48510000000001,7.48510000000001,5.48510000000001,7.48510000000001,1.46059999999999,4.46060000000001,0.4655,0.4655,1.46059999999999,2.46060000000001,1.46059999999999,0.4655,1.46059999999999,1.46059999999999,9.48509999999992,40.4850999999999,30.4850999999999,19.4850999999999,23.4850999999999,30.4850999999999,28.4850999999999,30.4850999999999,25.4850999999999,9.48509999999992,11.4801999999999,23.4801999999999,8.48019999999993,11.4801999999999,5.48020000000001,13.4801999999999,12.4801999999999,16.4801999999999,5.48020000000001,6.48020000000001,1.47529999999999,5.47530000000001,4.47530000000001,1.47529999999999,1.47529999999999,0.4802,1.47529999999999,0.4802,2.47530000000001,3.47530000000001,3.48510000000001,12.4850999999999,8.48509999999992,10.4850999999999,5.48510000000001,6.48510000000001,10.4850999999999,6.48510000000001,7.48510000000001,8.48509999999992,5.48510000000001,16.4850999999999,14.4850999999999,17.4850999999999,12.4850999999999,19.4850999999999,14.4850999999999,17.4850999999999,12.4850999999999,19.4850999999999,16.4850999999999,37.4850999999999,22.4850999999999,30.4850999999999,39.4850999999999,38.4850999999999,33.4850999999999,41.4850999999999,24.4850999999999,18.4850999999999,17.4850999999999,39.4850999999999,34.4850999999999,33.4850999999999,17.4850999999999,34.4850999999999,21.4850999999999,37.4850999999999,24.4850999999999,20.4850999999999,11.4850999999999,38.4850999999999,25.4850999999999,31.4850999999999,14.4850999999999,28.4850999999999,16.4850999999999,24.4850999999999,28.4850999999999,15.4850999999999,16.4850999999999,22.4850999999999,16.4850999999999,20.4850999999999,12.4850999999999,20.4850999999999,12.4850999999999,27.4850999999999,18.4850999999999,19.4850999999999,13.4850999999999,20.4850999999999,13.4850999999999,17.4850999999999,7.48510000000001,19.4850999999999,19.4850999999999,14.4850999999999,16.4850999999999,8.48509999999992],[2.38710000000001,3.38710000000001,2.38710000000001,6.38710000000001,0.392,1.38709999999999,2.38710000000001,3.38710000000001,3.38710000000001,0.392,18.4850999999999,34.4850999999999,25.4850999999999,21.4850999999999,20.4850999999999,29.4850999999999,11.4850999999999,21.4850999999999,26.4850999999999,13.4850999999999,8.46549999999993,14.4654999999999,14.4654999999999,15.4654999999999,7.46550000000001,20.4654999999999,12.4654999999999,11.4654999999999,7.46550000000001,12.4654999999999,28.4850999999999,50.4850999999999,48.4850999999999,44.4850999999999,28.4850999999999,54.4850999999999,34.4850999999999,70.4851000000006,47.4850999999999,37.4850999999999,14.4850999999999,32.4850999999999,21.4850999999999,20.4850999999999,13.4850999999999,21.4850999999999,14.4850999999999,29.4850999999999,20.4850999999999,21.4850999999999,3.46060000000001,4.46060000000001,0.4655,4.46060000000001,1.46059999999999,1.46059999999999,1.46059999999999,6.46060000000001,1.46059999999999,1.46059999999999,21.4850999999999,29.4850999999999,38.4850999999999,21.4850999999999,20.4850999999999,38.4850999999999,29.4850999999999,35.4850999999999,23.4850999999999,22.4850999999999,7.48020000000001,13.4801999999999,11.4801999999999,6.48020000000001,11.4801999999999,12.4801999999999,7.48020000000001,11.4801999999999,12.4801999999999,10.4801999999999,3.47530000000001,12.4752999999999,10.4752999999999,8.47529999999993,10.4752999999999,7.47530000000001,6.47530000000001,8.47529999999993,6.47530000000001,6.47530000000001,18.4850999999999,34.4850999999999,30.4850999999999,27.4850999999999,18.4850999999999,33.4850999999999,25.4850999999999,37.4850999999999,20.4850999999999,21.4850999999999,9.48509999999992,19.4850999999999,15.4850999999999,16.4850999999999,11.4850999999999,10.4850999999999,12.4850999999999,17.4850999999999,10.4850999999999,15.4850999999999,14.4850999999999,28.4850999999999,18.4850999999999,33.4850999999999,17.4850999999999,35.4850999999999,27.4850999999999,36.4850999999999,26.4850999999999,19.4850999999999,14.4850999999999,27.4850999999999,23.4850999999999,34.4850999999999,19.4850999999999,29.4850999999999,21.4850999999999,30.4850999999999,24.4850999999999,18.4850999999999,9.48509999999992,19.4850999999999,21.4850999999999,17.4850999999999,11.4850999999999,18.4850999999999,12.4850999999999,13.4850999999999,7.48510000000001,10.4850999999999,23.4850999999999,26.4850999999999,29.4850999999999,30.4850999999999,17.4850999999999,31.4850999999999,19.4850999999999,34.4850999999999,22.4850999999999,22.4850999999999,20.4850999999999,48.4850999999999,22.4850999999999,38.4850999999999,26.4850999999999,31.4850999999999,29.4850999999999,47.4850999999999,34.4850999999999,20.4850999999999],[4.38710000000001,8.38709999999994,5.38710000000001,2.38710000000001,2.38710000000001,5.38710000000001,3.38710000000001,6.38710000000001,4.38710000000001,5.38710000000001,7.48510000000001,25.4850999999999,24.4850999999999,33.4850999999999,20.4850999999999,26.4850999999999,22.4850999999999,23.4850999999999,18.4850999999999,16.4850999999999,5.46550000000001,9.46549999999993,5.46550000000001,4.46550000000001,4.46550000000001,8.46549999999993,8.46549999999993,11.4654999999999,3.46550000000001,6.46550000000001,27.4850999999999,61.4850999999999,50.4850999999999,54.4850999999999,36.4850999999999,64.4851000000006,42.4850999999999,77.4851000000006,44.4850999999999,41.4850999999999,12.4850999999999,19.4850999999999,14.4850999999999,17.4850999999999,11.4850999999999,22.4850999999999,16.4850999999999,20.4850999999999,10.4850999999999,9.48509999999992,4.46060000000001,9.46059999999993,10.4605999999999,11.4605999999999,9.46059999999993,19.4605999999999,11.4605999999999,12.4605999999999,12.4605999999999,9.46059999999993,34.4850999999999,51.4850999999999,46.4850999999999,56.4850999999999,44.4850999999999,45.4850999999999,44.4850999999999,70.4851000000006,42.4850999999999,30.4850999999999,13.4801999999999,16.4801999999999,13.4801999999999,18.4801999999999,13.4801999999999,28.4801999999999,10.4801999999999,24.4801999999999,11.4801999999999,15.4801999999999,3.47530000000001,7.47530000000001,9.47529999999993,14.4752999999999,8.47529999999993,11.4752999999999,7.47530000000001,7.47530000000001,7.47530000000001,5.47530000000001,15.4850999999999,22.4850999999999,25.4850999999999,24.4850999999999,15.4850999999999,31.4850999999999,19.4850999999999,29.4850999999999,21.4850999999999,20.4850999999999,11.4850999999999,17.4850999999999,16.4850999999999,15.4850999999999,9.48509999999992,21.4850999999999,16.4850999999999,20.4850999999999,13.4850999999999,17.4850999999999,28.4850999999999,41.4850999999999,32.4850999999999,34.4850999999999,29.4850999999999,40.4850999999999,37.4850999999999,41.4850999999999,43.4850999999999,22.4850999999999,24.4850999999999,24.4850999999999,21.4850999999999,24.4850999999999,27.4850999999999,42.4850999999999,18.4850999999999,57.4850999999999,35.4850999999999,23.4850999999999,17.4850999999999,43.4850999999999,26.4850999999999,30.4850999999999,20.4850999999999,40.4850999999999,29.4850999999999,31.4850999999999,23.4850999999999,24.4850999999999,14.4850999999999,39.4850999999999,35.4850999999999,27.4850999999999,22.4850999999999,38.4850999999999,24.4850999999999,53.4850999999999,32.4850999999999,27.4850999999999,21.4850999999999,29.4850999999999,34.4850999999999,18.4850999999999,18.4850999999999,45.4850999999999,19.4850999999999,40.4850999999999,25.4850999999999,17.4850999999999],[2.38710000000001,4.38710000000001,2.38710000000001,5.38710000000001,5.38710000000001,9.38709999999994,4.38710000000001,8.38709999999994,4.38710000000001,2.38710000000001,13.4850999999999,21.4850999999999,33.4850999999999,36.4850999999999,16.4850999999999,24.4850999999999,27.4850999999999,27.4850999999999,15.4850999999999,22.4850999999999,2.46550000000001,10.4654999999999,10.4654999999999,10.4654999999999,7.46550000000001,9.46549999999993,7.46550000000001,12.4654999999999,9.46549999999993,8.46549999999993,19.4850999999999,52.4850999999999,38.4850999999999,37.4850999999999,37.4850999999999,30.4850999999999,34.4850999999999,35.4850999999999,33.4850999999999,23.4850999999999,10.4850999999999,21.4850999999999,15.4850999999999,11.4850999999999,15.4850999999999,21.4850999999999,17.4850999999999,21.4850999999999,12.4850999999999,7.48510000000001,1.46059999999999,8.46059999999993,8.46059999999993,4.46060000000001,6.46060000000001,17.4605999999999,3.46060000000001,8.46059999999993,9.46059999999993,7.46060000000001,14.4850999999999,33.4850999999999,29.4850999999999,29.4850999999999,29.4850999999999,35.4850999999999,30.4850999999999,39.4850999999999,28.4850999999999,27.4850999999999,11.4801999999999,18.4801999999999,13.4801999999999,14.4801999999999,12.4801999999999,20.4801999999999,10.4801999999999,18.4801999999999,12.4801999999999,9.48019999999993,4.47530000000001,9.47529999999993,2.47530000000001,8.47529999999993,6.47530000000001,5.47530000000001,10.4752999999999,7.47530000000001,2.47530000000001,4.47530000000001,9.48509999999992,27.4850999999999,22.4850999999999,20.4850999999999,19.4850999999999,21.4850999999999,15.4850999999999,17.4850999999999,19.4850999999999,12.4850999999999,19.4850999999999,18.4850999999999,20.4850999999999,20.4850999999999,11.4850999999999,22.4850999999999,14.4850999999999,25.4850999999999,21.4850999999999,12.4850999999999,12.4850999999999,20.4850999999999,31.4850999999999,15.4850999999999,9.48509999999992,10.4850999999999,15.4850999999999,20.4850999999999,14.4850999999999,13.4850999999999,12.4850999999999,30.4850999999999,22.4850999999999,33.4850999999999,11.4850999999999,21.4850999999999,26.4850999999999,33.4850999999999,21.4850999999999,15.4850999999999,19.4850999999999,27.4850999999999,28.4850999999999,21.4850999999999,20.4850999999999,33.4850999999999,22.4850999999999,38.4850999999999,20.4850999999999,19.4850999999999,23.4850999999999,45.4850999999999,34.4850999999999,28.4850999999999,27.4850999999999,40.4850999999999,22.4850999999999,33.4850999999999,26.4850999999999,30.4850999999999,16.4850999999999,27.4850999999999,32.4850999999999,31.4850999999999,19.4850999999999,23.4850999999999,28.4850999999999,33.4850999999999,24.4850999999999,10.4850999999999],[7.38710000000001,8.38709999999994,6.38710000000001,5.38710000000001,3.38710000000001,7.38710000000001,11.3870999999999,13.3870999999999,6.38710000000001,4.38710000000001,8.48509999999992,20.4850999999999,20.4850999999999,16.4850999999999,19.4850999999999,24.4850999999999,16.4850999999999,25.4850999999999,17.4850999999999,12.4850999999999,5.46550000000001,8.46549999999993,13.4654999999999,11.4654999999999,9.46549999999993,7.46550000000001,6.46550000000001,13.4654999999999,7.46550000000001,8.46549999999993,31.4850999999999,41.4850999999999,42.4850999999999,38.4850999999999,45.4850999999999,45.4850999999999,27.4850999999999,43.4850999999999,33.4850999999999,26.4850999999999,2.48510000000001,11.4850999999999,4.48510000000001,7.48510000000001,4.48510000000001,12.4850999999999,5.48510000000001,8.48509999999992,7.48510000000001,7.48510000000001,4.46060000000001,2.46060000000001,4.46060000000001,1.46059999999999,8.46059999999993,9.46059999999993,5.46060000000001,5.46060000000001,2.46060000000001,3.46060000000001,22.4850999999999,31.4850999999999,22.4850999999999,22.4850999999999,21.4850999999999,26.4850999999999,22.4850999999999,48.4850999999999,25.4850999999999,22.4850999999999,11.4801999999999,18.4801999999999,17.4801999999999,13.4801999999999,14.4801999999999,18.4801999999999,19.4801999999999,22.4801999999999,16.4801999999999,15.4801999999999,6.47530000000001,18.4752999999999,10.4752999999999,10.4752999999999,12.4752999999999,19.4752999999999,8.47529999999993,9.47529999999993,10.4752999999999,6.47530000000001,8.48509999999992,15.4850999999999,13.4850999999999,11.4850999999999,9.48509999999992,18.4850999999999,16.4850999999999,18.4850999999999,9.48509999999992,11.4850999999999,7.48510000000001,15.4850999999999,12.4850999999999,14.4850999999999,10.4850999999999,11.4850999999999,8.48509999999992,18.4850999999999,7.48510000000001,11.4850999999999,11.4850999999999,23.4850999999999,17.4850999999999,25.4850999999999,16.4850999999999,26.4850999999999,12.4850999999999,24.4850999999999,19.4850999999999,8.48509999999992,5.48510000000001,29.4850999999999,26.4850999999999,29.4850999999999,16.4850999999999,28.4850999999999,22.4850999999999,30.4850999999999,18.4850999999999,17.4850999999999,11.4850999999999,37.4850999999999,35.4850999999999,27.4850999999999,17.4850999999999,28.4850999999999,16.4850999999999,34.4850999999999,24.4850999999999,23.4850999999999,21.4850999999999,33.4850999999999,31.4850999999999,29.4850999999999,24.4850999999999,22.4850999999999,28.4850999999999,46.4850999999999,28.4850999999999,28.4850999999999,18.4850999999999,43.4850999999999,29.4850999999999,37.4850999999999,23.4850999999999,34.4850999999999,15.4850999999999,44.4850999999999,22.4850999999999,25.4850999999999],[10.3870999999999,7.38710000000001,8.38709999999994,7.38710000000001,9.38709999999994,8.38709999999994,9.38709999999994,14.3870999999999,24.3870999999999,9.38709999999994,15.4850999999999,29.4850999999999,26.4850999999999,24.4850999999999,24.4850999999999,28.4850999999999,23.4850999999999,26.4850999999999,18.4850999999999,19.4850999999999,2.46550000000001,8.46549999999993,8.46549999999993,5.46550000000001,5.46550000000001,8.46549999999993,3.46550000000001,8.46549999999993,4.46550000000001,3.46550000000001,29.4850999999999,57.4850999999999,50.4850999999999,46.4850999999999,39.4850999999999,67.4851000000006,45.4850999999999,52.4850999999999,36.4850999999999,32.4850999999999,10.4850999999999,21.4850999999999,20.4850999999999,13.4850999999999,13.4850999999999,18.4850999999999,17.4850999999999,22.4850999999999,16.4850999999999,20.4850999999999,8.46059999999993,20.4605999999999,10.4605999999999,19.4605999999999,14.4605999999999,15.4605999999999,12.4605999999999,15.4605999999999,12.4605999999999,8.46059999999993,20.4850999999999,37.4850999999999,38.4850999999999,19.4850999999999,18.4850999999999,38.4850999999999,15.4850999999999,34.4850999999999,26.4850999999999,11.4850999999999,6.48020000000001,4.48020000000001,17.4801999999999,15.4801999999999,13.4801999999999,8.48019999999993,9.48019999999993,13.4801999999999,10.4801999999999,8.48019999999993,3.47530000000001,19.4752999999999,7.47530000000001,6.47530000000001,6.47530000000001,10.4752999999999,7.47530000000001,10.4752999999999,7.47530000000001,6.47530000000001,8.48509999999992,27.4850999999999,20.4850999999999,21.4850999999999,9.48509999999992,18.4850999999999,15.4850999999999,28.4850999999999,17.4850999999999,10.4850999999999,14.4850999999999,27.4850999999999,26.4850999999999,20.4850999999999,16.4850999999999,12.4850999999999,18.4850999999999,25.4850999999999,15.4850999999999,20.4850999999999,16.4850999999999,29.4850999999999,27.4850999999999,30.4850999999999,19.4850999999999,37.4850999999999,26.4850999999999,48.4850999999999,22.4850999999999,20.4850999999999,11.4850999999999,23.4850999999999,23.4850999999999,28.4850999999999,9.48509999999992,21.4850999999999,18.4850999999999,23.4850999999999,20.4850999999999,13.4850999999999,22.4850999999999,35.4850999999999,21.4850999999999,19.4850999999999,20.4850999999999,24.4850999999999,16.4850999999999,35.4850999999999,20.4850999999999,23.4850999999999,12.4850999999999,25.4850999999999,27.4850999999999,20.4850999999999,13.4850999999999,37.4850999999999,18.4850999999999,28.4850999999999,19.4850999999999,15.4850999999999,20.4850999999999,30.4850999999999,24.4850999999999,29.4850999999999,18.4850999999999,41.4850999999999,20.4850999999999,28.4850999999999,14.4850999999999,15.4850999999999],[3.38710000000001,7.38710000000001,13.3870999999999,12.3870999999999,4.38710000000001,15.3870999999999,14.3870999999999,13.3870999999999,18.3870999999999,5.38710000000001,11.4850999999999,11.4850999999999,22.4850999999999,27.4850999999999,16.4850999999999,23.4850999999999,24.4850999999999,16.4850999999999,6.48510000000001,11.4850999999999,6.46550000000001,8.46549999999993,11.4654999999999,12.4654999999999,7.46550000000001,7.46550000000001,5.46550000000001,10.4654999999999,11.4654999999999,15.4654999999999,22.4850999999999,39.4850999999999,23.4850999999999,37.4850999999999,31.4850999999999,41.4850999999999,27.4850999999999,40.4850999999999,30.4850999999999,29.4850999999999,18.4850999999999,17.4850999999999,18.4850999999999,19.4850999999999,17.4850999999999,24.4850999999999,18.4850999999999,22.4850999999999,12.4850999999999,16.4850999999999,6.46060000000001,7.46060000000001,8.46059999999993,9.46059999999993,6.46060000000001,11.4605999999999,3.46060000000001,10.4605999999999,3.46060000000001,1