[[0.1804,0.1804,0.1804,0.1804,0.1804,0.1804,0.1804,0.1804,0.1804,0.1804,0.328,2.32390000000002,4.32390000000002,2.32390000000002,7.32390000000002,10.3238999999999,3.32390000000002,2.32390000000002,0.328,0.328,0.2747,3.27060000000001,0.2747,0.2747,3.27060000000001,1.2706,3.27060000000001,0.2747,1.2706,0.2747,1.3321,6.33210000000002,6.33210000000002,8.33209999999995,15.3320999999999,17.3321000000001,13.3320999999999,9.33209999999995,5.33210000000002,0.3362,0.3321,2.32800000000002,2.32800000000002,1.328,4.32800000000002,3.32800000000002,3.32800000000002,1.328,1.328,0.3321,0.2214,0.2214,1.2173,0.2214,0.2214,0.2214,0.2214,1.2173,0.2214,0.2214,0.3444,1.3403,12.3402999999999,5.34030000000002,4.34030000000002,18.3403000000001,12.3402999999999,8.34029999999994,1.3403,2.34030000000002,0.3116,1.3075,1.3075,2.30750000000002,4.30750000000002,2.30750000000002,3.30750000000002,2.30750000000002,2.30750000000002,0.3116,0.246,0.246,1.2419,0.246,0.246,0.246,1.2419,0.246,0.246,0.246,1.3116,1.3116,2.31160000000002,2.31160000000002,3.31160000000002,6.31160000000002,1.3116,1.3116,2.31160000000002,0.3157,0.3075,0.3075,5.30340000000002,2.30340000000002,4.30340000000002,8.30339999999995,3.30340000000002,3.30340000000002,5.30340000000002,0.3075,0.328,3.32390000000002,7.32390000000002,8.32389999999995,7.32390000000002,16.3239000000001,11.3238999999999,5.32390000000002,6.32390000000002,0.328,1.3403,2.34030000000002,8.34029999999994,6.34030000000002,10.3402999999999,20.3403000000001,17.3403000000001,5.34030000000002,6.34030000000002,0.3444,2.34850000000002,2.34850000000002,11.3484999999999,7.34850000000002,16.3485000000001,7.34850000000002,16.3485000000001,5.34850000000002,1.3485,0.3526,0.3116,3.30750000000002,3.30750000000002,2.30750000000002,5.30750000000002,11.3074999999999,12.3074999999999,1.3075,3.30750000000002,0.3116,1.3157,0.3198,5.31570000000002,1.3157,6.31570000000002,2.31570000000002,4.31570000000002,4.31570000000002,1.3157,0.3198],[0.1804,3.17630000000001,0.1804,1.1763,0.1804,0.1804,2.17630000000001,1.1763,1.1763,1.1763,4.32390000000002,3.32390000000002,8.32389999999995,4.32390000000002,8.32389999999995,7.32390000000002,7.32390000000002,3.32390000000002,3.32390000000002,1.3239,0.2747,4.27060000000001,4.27060000000001,4.27060000000001,8.27059999999996,4.27060000000001,6.27060000000001,2.27060000000001,2.27060000000001,0.2747,0.3362,7.33210000000002,13.3320999999999,9.33209999999995,19.3321000000001,35.3321000000001,25.3321000000001,1.3321,0.3362,0.3362,0.3321,6.32800000000002,4.32800000000002,2.32800000000002,9.32799999999995,10.3279999999999,7.32800000000002,4.32800000000002,8.32799999999995,0.3321,0.2214,0.2214,0.2214,1.2173,0.2214,2.21730000000001,2.21730000000001,0.2214,0.2214,0.2214,1.3403,3.34030000000002,10.3402999999999,6.34030000000002,13.3402999999999,14.3402999999999,10.3402999999999,6.34030000000002,2.34030000000002,0.3444,0.3116,0.3116,7.30750000000002,0.3116,4.30750000000002,3.30750000000002,3.30750000000002,1.3075,1.3075,0.3116,0.246,0.246,3.24190000000001,4.24190000000001,1.2419,2.24190000000001,3.24190000000001,3.24190000000001,0.246,0.246,0.3157,4.31160000000002,11.3115999999999,5.31160000000002,12.3115999999999,12.3115999999999,10.3115999999999,4.31160000000002,0.3157,0.3157,0.3075,3.30340000000002,4.30340000000002,3.30340000000002,3.30340000000002,8.30339999999995,5.30340000000002,1.3034,2.30340000000002,0.3075,0.328,3.32390000000002,6.32390000000002,4.32390000000002,7.32390000000002,18.3239000000001,11.3238999999999,0.328,3.32390000000002,0.328,0.3444,1.3403,3.34030000000002,4.34030000000002,10.3402999999999,14.3402999999999,9.34029999999994,4.34030000000002,6.34030000000002,0.3444,0.3526,1.3485,3.34850000000002,4.34850000000002,9.34849999999994,2.34850000000002,9.34849999999994,2.34850000000002,4.34850000000002,0.3526,0.3116,4.30750000000002,6.30750000000002,5.30750000000002,5.30750000000002,9.30749999999995,8.30749999999995,3.30750000000002,0.3116,0.3116,2.31570000000002,3.31570000000002,8.31569999999995,17.3157000000001,13.3156999999999,16.3157000000001,8.31569999999995,9.31569999999995,2.31570000000002,0.3198],[0.1804,0.1804,6.17630000000001,0.1804,3.17630000000001,2.17630000000001,2.17630000000001,1.1763,0.1804,0.1804,1.3239,2.32390000000002,5.32390000000002,2.32390000000002,6.32390000000002,8.32389999999995,13.3238999999999,1.3239,0.328,0.328,0.2747,2.27060000000001,2.27060000000001,2.27060000000001,5.27060000000001,4.27060000000001,2.27060000000001,3.27060000000001,1.2706,0.2747,0.3362,5.33210000000002,16.3321000000001,8.33209999999995,28.3321000000001,28.3321000000001,28.3321000000001,11.3320999999999,4.33210000000002,1.3321,0.3321,4.32800000000002,2.32800000000002,1.328,2.32800000000002,6.32800000000002,3.32800000000002,1.328,2.32800000000002,0.3321,0.2214,3.21730000000001,7.21730000000001,1.2173,5.21730000000001,6.21730000000001,5.21730000000001,0.2214,1.2173,0.2214,0.3444,6.34030000000002,14.3402999999999,11.3402999999999,16.3403000000001,16.3403000000001,19.3403000000001,4.34030000000002,8.34029999999994,0.3444,0.3116,4.30750000000002,1.3075,4.30750000000002,3.30750000000002,6.30750000000002,5.30750000000002,1.3075,2.30750000000002,0.3116,0.246,0.246,0.246,2.24190000000001,1.2419,2.24190000000001,3.24190000000001,1.2419,0.246,0.246,0.3157,2.31160000000002,3.31160000000002,4.31160000000002,9.31159999999995,9.31159999999995,9.31159999999995,2.31160000000002,2.31160000000002,0.3157,0.3075,1.3034,2.30340000000002,2.30340000000002,5.30340000000002,6.30340000000002,4.30340000000002,3.30340000000002,1.3034,0.3075,0.328,6.32390000000002,14.3238999999999,4.32390000000002,16.3239000000001,25.3239000000001,18.3239000000001,4.32390000000002,2.32390000000002,0.328,0.3444,1.3403,4.34030000000002,3.34030000000002,13.3402999999999,22.3403000000001,17.3403000000001,8.34029999999994,3.34030000000002,0.3444,2.34850000000002,5.34850000000002,8.34849999999994,9.34849999999994,10.3484999999999,14.3484999999999,14.3484999999999,4.34850000000002,2.34850000000002,2.34850000000002,1.3075,4.30750000000002,13.3074999999999,5.30750000000002,16.3075000000001,26.3075000000001,26.3075000000001,6.30750000000002,3.30750000000002,0.3116,0.3198,8.31569999999995,7.31570000000002,3.31570000000002,26.3157000000001,15.3156999999999,10.3156999999999,7.31570000000002,3.31570000000002,0.3198],[0.1804,1.1763,0.1804,3.17630000000001,0.1804,2.17630000000001,2.17630000000001,0.1804,0.1804,0.1804,0.328,6.32390000000002,2.32390000000002,5.32390000000002,5.32390000000002,7.32390000000002,12.3238999999999,1.3239,3.32390000000002,0.328,0.2747,2.27060000000001,3.27060000000001,0.2747,4.27060000000001,1.2706,3.27060000000001,2.27060000000001,1.2706,0.2747,0.3362,0.3362,6.33210000000002,2.33210000000002,10.3320999999999,6.33210000000002,10.3320999999999,4.33210000000002,1.3321,1.3321,2.32800000000002,4.32800000000002,2.32800000000002,6.32800000000002,5.32800000000002,8.32799999999995,7.32800000000002,4.32800000000002,4.32800000000002,0.3321,0.2214,1.2173,1.2173,0.2214,5.21730000000001,6.21730000000001,5.21730000000001,1.2173,1.2173,0.2214,0.3444,3.34030000000002,7.34030000000002,5.34030000000002,18.3403000000001,17.3403000000001,17.3403000000001,2.34030000000002,4.34030000000002,0.3444,1.3075,2.30750000000002,7.30750000000002,5.30750000000002,9.30749999999995,8.30749999999995,6.30750000000002,3.30750000000002,2.30750000000002,0.3116,0.246,1.2419,1.2419,0.246,4.24190000000001,2.24190000000001,3.24190000000001,1.2419,2.24190000000001,0.246,0.3157,3.31160000000002,5.31160000000002,2.31160000000002,10.3115999999999,9.31159999999995,9.31159999999995,7.31160000000002,3.31160000000002,0.3157,0.3075,2.30340000000002,1.3034,4.30340000000002,5.30340000000002,7.30340000000002,7.30340000000002,4.30340000000002,0.3075,0.3075,0.328,0.328,3.32390000000002,2.32390000000002,4.32390000000002,6.32390000000002,4.32390000000002,6.32390000000002,1.3239,0.328,2.34030000000002,1.3403,7.34030000000002,5.34030000000002,8.34029999999994,9.34029999999994,12.3402999999999,5.34030000000002,1.3403,0.3444,0.3526,5.34850000000002,12.3484999999999,3.34850000000002,5.34850000000002,10.3484999999999,11.3484999999999,2.34850000000002,3.34850000000002,1.3485,0.3116,1.3075,6.30750000000002,5.30750000000002,13.3074999999999,18.3075000000001,22.3075000000001,3.30750000000002,0.3116,0.3116,0.3198,3.31570000000002,7.31570000000002,1.3157,14.3156999999999,14.3156999999999,10.3156999999999,2.31570000000002,1.3157,0.3198],[0.1804,0.1804,3.17630000000001,0.1804,2.17630000000001,5.17630000000001,6.17630000000001,2.17630000000001,2.17630000000001,0.1804,0.328,0.328,2.32390000000002,5.32390000000002,3.32390000000002,9.32389999999995,4.32390000000002,1.3239,5.32390000000002,0.328,0.2747,3.27060000000001,1.2706,1.2706,7.27060000000001,5.27060000000001,7.27060000000001,2.27060000000001,3.27060000000001,0.2747,0.3362,6.33210000000002,10.3320999999999,10.3320999999999,18.3321000000001,13.3320999999999,26.3321000000001,10.3320999999999,4.33210000000002,0.3362,0.3321,1.328,3.32800000000002,2.32800000000002,1.328,4.32800000000002,0.3321,2.32800000000002,1.328,0.3321,0.2214,0.2214,0.2214,1.2173,1.2173,1.2173,5.21730000000001,1.2173,1.2173,0.2214,0.3444,2.34030000000002,10.3402999999999,6.34030000000002,15.3402999999999,17.3403000000001,16.3403000000001,3.34030000000002,1.3403,0.3444,0.3116,2.30750000000002,3.30750000000002,2.30750000000002,7.30750000000002,9.30749999999995,10.3074999999999,4.30750000000002,0.3116,0.3116,0.246,0.246,5.24190000000001,1.2419,9.24189999999996,7.24190000000001,9.24189999999996,1.2419,1.2419,0.246,0.3157,3.31160000000002,2.31160000000002,4.31160000000002,5.31160000000002,2.31160000000002,8.31159999999995,7.31160000000002,1.3116,0.3157,0.3075,1.3034,4.30340000000002,1.3034,8.30339999999995,5.30340000000002,6.30340000000002,2.30340000000002,0.3075,0.3075,1.3239,1.3239,5.32390000000002,6.32390000000002,5.32390000000002,15.3238999999999,10.3238999999999,2.32390000000002,1.3239,0.328,1.3403,2.34030000000002,9.34029999999994,2.34030000000002,10.3402999999999,21.3403000000001,17.3403000000001,3.34030000000002,2.34030000000002,0.3444,1.3485,2.34850000000002,6.34850000000002,2.34850000000002,9.34849999999994,10.3484999999999,8.34849999999994,2.34850000000002,2.34850000000002,1.3485,0.3116,4.30750000000002,10.3074999999999,5.30750000000002,10.3074999999999,20.3075000000001,19.3075000000001,3.30750000000002,1.3075,0.3116,0.3198,2.31570000000002,3.31570000000002,0.3198,14.3156999999999,8.31569999999995,13.3156999999999,4.31570000000002,2.31570000000002,0.3198],[0.1804,0.1804,2.17630000000001,2.17630000000001,5.17630000000001,5.17630000000001,4.17630000000001,1.1763,0.1804,0.1804,1.3239,1.3239,5.32390000000002,9.32389999999995,7.32390000000002,8.32389999999995,15.3238999999999,2.32390000000002,1.3239,2.32390000000002,0.2747,3.27060000000001,3.27060000000001,1.2706,2.27060000000001,4.27060000000001,1.2706,0.2747,2.27060000000001,0.2747,0.3362,5.33210000000002,12.3320999999999,5.33210000000002,14.3320999999999,22.3321000000001,29.3321000000001,7.33210000000002,5.33210000000002,0.3362,1.328,4.32800000000002,4.32800000000002,0.3321,6.32800000000002,7.32800000000002,8.32799999999995,5.32800000000002,3.32800000000002,0.3321,0.2214,3.21730000000001,2.21730000000001,3.21730000000001,4.21730000000001,2.21730000000001,5.21730000000001,2.21730000000001,0.2214,0.2214,1.3403,2.34030000000002,6.34030000000002,3.34030000000002,13.3402999999999,8.34029999999994,12.3402999999999,8.34029999999994,2.34030000000002,0.3444,1.3075,1.3075,2.30750000000002,2.30750000000002,6.30750000000002,4.30750000000002,5.30750000000002,2.30750000000002,3.30750000000002,1.3075,0.246,1.2419,1.2419,1.2419,0.246,3.24190000000001,4.24190000000001,1.2419,1.2419,0.246,0.3157,3.31160000000002,4.31160000000002,3.31160000000002,5.31160000000002,10.3115999999999,12.3115999999999,2.31160000000002,1.3116,0.3157,0.3075,3.30340000000002,6.30340000000002,5.30340000000002,8.30339999999995,10.3034,6.30340000000002,5.30340000000002,0.3075,0.3075,0.328,3.32390000000002,13.3238999999999,6.32390000000002,11.3238999999999,8.32389999999995,12.3238999999999,2.32390000000002,2.32390000000002,0.328,0.3444,2.34030000000002,3.34030000000002,5.34030000000002,9.34029999999994,12.3402999999999,9.34029999999994,5.34030000000002,0.3444,0.3444,1.3485,2.34850000000002,8.34849999999994,2.34850000000002,11.3484999999999,7.34850000000002,13.3484999999999,1.3485,1.3485,0.3526,0.3116,2.30750000000002,7.30750000000002,6.30750000000002,7.30750000000002,13.3074999999999,20.3075000000001,2.30750000000002,1.3075,0.3116,0.3198,2.31570000000002,3.31570000000002,5.31570000000002,11.3156999999999,4.31570000000002,14.3156999999999,4.31570000000002,2.31570000000002,0.3198],[0.1804,2.17630000000001,2.17630000000001,2.17630000000001,6.17630000000001,4.17630000000001,7.17630000000001,1.1763,0.1804,0.1804,0.328,2.32390000000002,3.32390000000002,4.32390000000002,11.3238999999999,9.32389999999995,14.3238999999999,7.32390000000002,4.32390000000002,0.328,0.2747,4.27060000000001,3.27060000000001,1.2706,5.27060000000001,7.27060000000001,3.27060000000001,1.2706,1.2706,1.2706,0.3362,4.33210000000002,12.3320999999999,6.33210000000002,12.3320999999999,21.3321000000001,9.33209999999995,5.33210000000002,2.33210000000002,0.3362,1.328,3.32800000000002,9.32799999999995,4.32800000000002,11.3279999999999,5.32800000000002,13.3279999999999,3.32800000000002,2.32800000000002,0.3321,0.2214,0.2214,1.2173,0.2214,3.21730000000001,4.21730000000001,6.21730000000001,0.2214,0.2214,0.2214,0.3444,7.34030000000002,9.34029999999994,3.34030000000002,19.3403000000001,16.3403000000001,8.34029999999994,8.34029999999994,2.34030000000002,0.3444,1.3075,2.30750000000002,5.30750000000002,3.30750000000002,9.30749999999995,8.30749999999995,10.3074999999999,3.30750000000002,1.3075,0.3116,0.246,5.24190000000001,6.24190000000001,2.24190000000001,9.24189999999996,7.24190000000001,10.2419,2.24190000000001,1.2419,0.246,0.3157,0.3157,4.31160000000002,4.31160000000002,8.31159999999995,8.31159999999995,8.31159999999995,1.3116,5.31160000000002,0.3157,0.3075,2.30340000000002,7.30340000000002,2.30340000000002,11.3034,6.30340000000002,10.3034,2.30340000000002,1.3034,0.3075,0.328,4.32390000000002,8.32389999999995,2.32390000000002,9.32389999999995,14.3238999999999,17.3239000000001,6.32390000000002,1.3239,0.328,1.3403,4.34030000000002,6.34030000000002,13.3402999999999,16.3403000000001,14.3402999999999,11.3402999999999,3.34030000000002,3.34030000000002,0.3444,0.3526,2.34850000000002,5.34850000000002,3.34850000000002,12.3484999999999,14.3484999999999,10.3484999999999,6.34850000000002,2.34850000000002,1.3485,0.3116,4.30750000000002,7.30750000000002,4.30750000000002,11.3074999999999,10.3074999999999,5.30750000000002,4.30750000000002,0.3116,0.3116,0.3198,3.31570000000002,5.31570000000002,7.31570000000002,4.31570000000002,11.3156999999999,9.31569999999995,1.3157,0.3198,0.3198],[0.1804,1.1763,1.1763,0.1804,2.17630000000001,1.1763,1.1763,1.1763,0.1804,0.1804,0.328,3.32390000000002,6.32390000000002,8.32389999999995,13.3238999999999,14.3238999999999,13.3238999999999,4.32390000000002,1.3239,0.328,0.2747,3.27060000000001,3.27060000000001,1.2706,4.27060000000001,10.2706,4.27060000000001,1.2706,0.2747,0.2747,0.3362,3.33210000000002,7.33210000000002,5.33210000000002,18.3321000000001,17.3321000000001,30.3321000000001,4.33210000000002,1.3321,1.3321,0.3321,2.32800000000002,1.328,5.32800000000002,5.32800000000002,9.32799999999995,3.32800000000002,2.32800000000002,2.32800000000002,0.3321,0.2214,1.2173,2.21730000000001,0.2214,1.2173,4.21730000000001,0.2214,1.2173,0.2214,0.2214,0.3444,5.34030000000002,7.34030000000002,6.34030000000002,8.34029999999994,11.3402999999999,5.34030000000002,3.34030000000002,2.34030000000002,0.3444,0.3116,1.3075,2.30750000000002,3.30750000000002,6.30750000000002,6.30750000000002,9.30749999999995,4.30750000000002,0.3116,0.3116,0.246,0.246,2.24190000000001,2.24190000000001,0.246,3.24190000000001,4.24190000000001,0.246,2.24190000000001,0.246,0.3157,4.31160000000002,9.31159999999995,5.31160000000002,12.3115999999999,14.3115999999999,10.3115999999999,6.31160000000002,0.3157,0.3157,0.3075,1.3034,7.30340000000002,2.30340000000002,5.30340000000002,9.30339999999995,7.30340000000002,2.30340000000002,1.3034,0.3075,0.328,3.32390000000002,12.3238999999999,4.32390000000002,10.3238999999999,11.3238999999999,20.3239000000001,5.32390000000002,3.32390000000002,0.328,0.3444,6.34030000000002,6.34030000000002,6.34030000000002,15.3402999999999,14.3402999999999,11.3402999999999,5.34030000000002,3.34030000000002,0.3444,0.3526,0.3526,3.34850000000002,4.34850000000002,5.34850000000002,14.3484999999999,15.3484999999999,1.3485,0.3526,0.3526,0.3116,2.30750000000002,8.30749999999995,3.30750000000002,22.3075000000001,8.30749999999995,8.30749999999995,7.30750000000002,4.30750000000002,0.3116,0.3198,1.3157,3.31570000000002,7.31570000000002,9.31569999999995,12.3156999999999,9.31569999999995,0.3198,5.31570000000002,0.3198],[0.1804,1.1763,0.1804,0.1804,2.17630000000001,0.1804,0.1804,0.1804,6.17630000000001,0.1804,0.328,3.32390000000002,4.32390000000002,4.32390000000002,6.32390000000002,24.3239000000001,18.3239000000001,1.3239,3.32390000000002,0.328,0.2747,0.2747,2.27060000000001,1.2706,6.27060000000001,6.27060000000001,6.27060000000001,2.27060000000001,0.2747,0.2747,0.3362,3.33210000000002,9.33209999999995,7.33210000000002,17.3321000000001,17.3321000000001,26.3321000000001,4.33210000000002,4.33210000000002,0.3362,0.3321,1.328,7.32800000000002,5.32800000000002,4.32800000000002,10.3279999999999,12.3279999999999,5.32800000000002,2.32800000000002,0.3321,0.2214,3.21730000000001,4.21730000000001,2.21730000000001,1.2173,3.21730000000001,4.21730000000001,2.21730000000001,0.2214,0.2214,0.3444,1.3403,9.34029999999994,1.3403,7.34030000000002,7.34030000000002,10.3402999999999,7.34030000000002,1.3403,0.3444,1.3075,4.30750000000002,4.30750000000002,2.30750000000002,10.3074999999999,9.30749999999995,6.30750000000002,0.3116,1.3075,0.3116,0.246,2.24190000000001,1.2419,7.24190000000001,7.24190000000001,8.24189999999996,6.24190000000001,1.2419,1.2419,0.246,0.3157,4.31160000000002,4.31160000000002,3.31160000000002,7.31160000000002,11.3115999999999,6.31160000000002,3.31160000000002,1.3116,0.3157,0.3075,0.3075,3.30340000000002,4.30340000000002,2.30340000000002,3.30340000000002,4.30340000000002,2.30340000000002,2.30340000000002,0.3075,1.3239,1.3239,9.32389999999995,5.32390000000002,22.3239000000001,15.3238999999999,11.3238999999999,1.3239,1.3239,0.328,0.3444,3.34030000000002,4.34030000000002,4.34030000000002,10.3402999999999,15.3402999999999,11.3402999999999,4.34030000000002,2.34030000000002,0.3444,2.34850000000002,3.34850000000002,3.34850000000002,1.3485,7.34850000000002,10.3484999999999,7.34850000000002,2.34850000000002,4.34850000000002,0.3526,0.3116,0.3116,4.30750000000002,6.30750000000002,9.30749999999995,13.3074999999999,5.30750000000002,2.30750000000002,0.3116,0.3116,1.3157,1.3157,7.31570000000002,3.31570000000002,10.3156999999999,5.31570000000002,14.3156999999999,5.31570000000002,3.31570000000002,0.3198],[0.1804,1.1763,0.1804,0.1804,0.1804,0.1804,0.1804,0.1804,0.1804,0.1804,0.328,0.328,5.32390000000002,2.32390000000002,4.32390000000002,9.32389999999995,5.32390000000002,4.32390000000002,0.328,0.328,0.2747,0.2747,0.2747,0.2747,2.27060000000001,0.2747,1.2706,0.2747,0.2747,0.2747,0.3362,4.33210000000002,6.33210000000002,10.3320999999999,16.3321000000001,19.3321000000001,22.3321000000001,6.33210000000002,3.33210000000002,0.3362,0.3321,1.328,5.32800000000002,3.32800000000002,1.328,5.32800000000002,6.32800000000002,3.32800000000002,1.328,0.3321,0.2214,0.2214,3.21730000000001,2.21730000000001,2.21730000000001,3.21730000000001,2.21730000000001,0.2214,0.2214,1.2173,1.3403,2.34030000000002,3.34030000000002,5.34030000000002,5.34030000000002,10.3402999999999,11.3402999999999,4.34030000000002,4.34030000000002,0.3444,0.3116,0.3116,2.30750000000002,1.3075,1.3075,0.3116,0.3116,2.30750000000002,0.3116,0.3116,0.246,0.246,1.2419,0.246,3.24190000000001,2.24190000000001,2.24190000000001,0.246,1.2419,0.246,0.3157,1.3116,3.31160000000002,2.31160000000002,2.31160000000002,5.31160000000002,4.31160000000002,0.3157,2.31160000000002,0.3157,0.3075,1.3034,2.30340000000002,1.3034,1.3034,6.30340000000002,4.30340000000002,1.3034,1.3034,0.3075,0.328,2.32390000000002,3.32390000000002,7.32390000000002,6.32390000000002,6.32390000000002,4.32390000000002,2.32390000000002,1.3239,0.328,1.3403,5.34030000000002,3.34030000000002,6.34030000000002,7.34030000000002,12.3402999999999,8.34029999999994,1.3403,1.3403,0.3444,0.3526,2.34850000000002,3.34850000000002,5.34850000000002,5.34850000000002,5.34850000000002,6.34850000000002,2.34850000000002,0.3526,0.3526,0.3116,6.30750000000002,3.30750000000002,2.30750000000002,6.30750000000002,5.30750000000002,4.30750000000002,6.30750000000002,1.3075,0.3116,0.3198,3.31570000000002,3.31570000000002,2.31570000000002,7.31570000000002,6.31570000000002,10.3156999999999,0.3198,4.31570000000002,0.3198],[0.328,4.32390000000002,1.3239,0.328,0.328,1.3239,0.328,0.328,0.328,0.328,5.40590000000002,18.4059000000001,7.40590000000002,13.4058999999999,8.40589999999993,15.4058999999999,11.4058999999999,18.4059000000001,14.4058999999999,12.4058999999999,8.38949999999994,5.38950000000002,5.38950000000002,6.38950000000002,6.38950000000002,6.38950000000002,5.38950000000002,2.38950000000002,3.38950000000002,5.38950000000002,21.4059000000001,45.4059000000001,40.4059000000001,30.4059000000001,21.4059000000001,30.4059000000001,28.4059000000001,32.4059000000001,31.4059000000001,28.4059000000001,4.40590000000002,10.4058999999999,4.40590000000002,12.4058999999999,6.40590000000002,9.40589999999993,7.40590000000002,7.40590000000002,5.40590000000002,7.40590000000002,1.3854,4.38540000000002,0.3895,0.3895,1.3854,2.38540000000002,1.3854,0.3895,1.3854,1.3854,9.40589999999993,40.4059000000001,30.4059000000001,19.4059000000001,23.4059000000001,30.4059000000001,28.4059000000001,30.4059000000001,25.4059000000001,9.40589999999993,11.4017999999999,23.4018000000001,8.40179999999993,11.4017999999999,5.40180000000002,13.4017999999999,12.4017999999999,16.4018000000001,5.40180000000002,6.40180000000002,1.3977,5.39770000000002,4.39770000000002,1.3977,1.3977,0.4018,1.3977,0.4018,2.39770000000002,3.39770000000002,3.40590000000002,12.4058999999999,8.40589999999993,10.4058999999999,5.40590000000002,6.40590000000002,10.4058999999999,6.40590000000002,7.40590000000002,8.40589999999993,5.40590000000002,16.4059000000001,14.4058999999999,17.4059000000001,12.4058999999999,19.4059000000001,14.4058999999999,17.4059000000001,12.4058999999999,19.4059000000001,16.4059000000001,37.4059000000001,22.4059000000001,30.4059000000001,39.4059000000001,38.4059000000001,33.4059000000001,41.4059000000001,24.4059000000001,18.4059000000001,17.4059000000001,39.4059000000001,34.4059000000001,33.4059000000001,17.4059000000001,34.4059000000001,21.4059000000001,37.4059000000001,24.4059000000001,20.4059000000001,11.4058999999999,38.4059000000001,25.4059000000001,31.4059000000001,14.4058999999999,28.4059000000001,16.4059000000001,24.4059000000001,28.4059000000001,15.4058999999999,16.4059000000001,22.4059000000001,16.4059000000001,20.4059000000001,12.4058999999999,20.4059000000001,12.4058999999999,27.4059000000001,18.4059000000001,19.4059000000001,13.4058999999999,20.4059000000001,13.4058999999999,17.4059000000001,7.40590000000002,19.4059000000001,19.4059000000001,14.4058999999999,16.4059000000001,8.40589999999993],[2.32390000000002,3.32390000000002,2.32390000000002,6.32390000000002,0.328,1.3239,2.32390000000002,3.32390000000002,3.32390000000002,0.328,18.4059000000001,34.4059000000001,25.4059000000001,21.4059000000001,20.4059000000001,29.4059000000001,11.4058999999999,21.4059000000001,26.4059000000001,13.4058999999999,8.38949999999994,14.3894999999999,14.3894999999999,15.3894999999999,7.38950000000002,20.3895000000001,12.3894999999999,11.3894999999999,7.38950000000002,12.3894999999999,28.4059000000001,50.4059000000001,48.4059000000001,44.4059000000001,28.4059000000001,54.4059000000001,34.4059000000001,70.4058999999994,47.4059000000001,37.4059000000001,14.4058999999999,32.4059000000001,21.4059000000001,20.4059000000001,13.4058999999999,21.4059000000001,14.4058999999999,29.4059000000001,20.4059000000001,21.4059000000001,3.38540000000002,4.38540000000002,0.3895,4.38540000000002,1.3854,1.3854,1.3854,6.38540000000002,1.3854,1.3854,21.4059000000001,29.4059000000001,38.4059000000001,21.4059000000001,20.4059000000001,38.4059000000001,29.4059000000001,35.4059000000001,23.4059000000001,22.4059000000001,7.40180000000002,13.4017999999999,11.4017999999999,6.40180000000002,11.4017999999999,12.4017999999999,7.40180000000002,11.4017999999999,12.4017999999999,10.4017999999999,3.39770000000002,12.3976999999999,10.3976999999999,8.39769999999993,10.3976999999999,7.39770000000002,6.39770000000002,8.39769999999993,6.39770000000002,6.39770000000002,18.4059000000001,34.4059000000001,30.4059000000001,27.4059000000001,18.4059000000001,33.4059000000001,25.4059000000001,37.4059000000001,20.4059000000001,21.4059000000001,9.40589999999993,19.4059000000001,15.4058999999999,16.4059000000001,11.4058999999999,10.4058999999999,12.4058999999999,17.4059000000001,10.4058999999999,15.4058999999999,14.4058999999999,28.4059000000001,18.4059000000001,33.4059000000001,17.4059000000001,35.4059000000001,27.4059000000001,36.4059000000001,26.4059000000001,19.4059000000001,14.4058999999999,27.4059000000001,23.4059000000001,34.4059000000001,19.4059000000001,29.4059000000001,21.4059000000001,30.4059000000001,24.4059000000001,18.4059000000001,9.40589999999993,19.4059000000001,21.4059000000001,17.4059000000001,11.4058999999999,18.4059000000001,12.4058999999999,13.4058999999999,7.40590000000002,10.4058999999999,23.4059000000001,26.4059000000001,29.4059000000001,30.4059000000001,17.4059000000001,31.4059000000001,19.4059000000001,34.4059000000001,22.4059000000001,22.4059000000001,20.4059000000001,48.4059000000001,22.4059000000001,38.4059000000001,26.4059000000001,31.4059000000001,29.4059000000001,47.4059000000001,34.4059000000001,20.4059000000001],[4.32390000000002,8.32389999999995,5.32390000000002,2.32390000000002,2.32390000000002,5.32390000000002,3.32390000000002,6.32390000000002,4.32390000000002,5.32390000000002,7.40590000000002,25.4059000000001,24.4059000000001,33.4059000000001,20.4059000000001,26.4059000000001,22.4059000000001,23.4059000000001,18.4059000000001,16.4059000000001,5.38950000000002,9.38949999999994,5.38950000000002,4.38950000000002,4.38950000000002,8.38949999999994,8.38949999999994,11.3894999999999,3.38950000000002,6.38950000000002,27.4059000000001,61.4059000000001,50.4059000000001,54.4059000000001,36.4059000000001,64.4058999999994,42.4059000000001,77.4058999999994,44.4059000000001,41.4059000000001,12.4058999999999,19.4059000000001,14.4058999999999,17.4059000000001,11.4058999999999,22.4059000000001,16.4059000000001,20.4059000000001,10.4058999999999,9.40589999999993,4.38540000000002,9.38539999999994,10.3853999999999,11.3853999999999,9.38539999999994,19.3854000000001,11.3853999999999,12.3853999999999,12.3853999999999,9.38539999999994,34.4059000000001,51.4059000000001,46.4059000000001,56.4059000000001,44.4059000000001,45.4059000000001,44.4059000000001,70.4058999999994,42.4059000000001,30.4059000000001,13.4017999999999,16.4018000000001,13.4017999999999,18.4018000000001,13.4017999999999,28.4018000000001,10.4017999999999,24.4018000000001,11.4017999999999,15.4017999999999,3.39770000000002,7.39770000000002,9.39769999999993,14.3976999999999,8.39769999999993,11.3976999999999,7.39770000000002,7.39770000000002,7.39770000000002,5.39770000000002,15.4058999999999,22.4059000000001,25.4059000000001,24.4059000000001,15.4058999999999,31.4059000000001,19.4059000000001,29.4059000000001,21.4059000000001,20.4059000000001,11.4058999999999,17.4059000000001,16.4059000000001,15.4058999999999,9.40589999999993,21.4059000000001,16.4059000000001,20.4059000000001,13.4058999999999,17.4059000000001,28.4059000000001,41.4059000000001,32.4059000000001,34.4059000000001,29.4059000000001,40.4059000000001,37.4059000000001,41.4059000000001,43.4059000000001,22.4059000000001,24.4059000000001,24.4059000000001,21.4059000000001,24.4059000000001,27.4059000000001,42.4059000000001,18.4059000000001,57.4059000000001,35.4059000000001,23.4059000000001,17.4059000000001,43.4059000000001,26.4059000000001,30.4059000000001,20.4059000000001,40.4059000000001,29.4059000000001,31.4059000000001,23.4059000000001,24.4059000000001,14.4058999999999,39.4059000000001,35.4059000000001,27.4059000000001,22.4059000000001,38.4059000000001,24.4059000000001,53.4059000000001,32.4059000000001,27.4059000000001,21.4059000000001,29.4059000000001,34.4059000000001,18.4059000000001,18.4059000000001,45.4059000000001,19.4059000000001,40.4059000000001,25.4059000000001,17.4059000000001],[2.32390000000002,4.32390000000002,2.32390000000002,5.32390000000002,5.32390000000002,9.32389999999995,4.32390000000002,8.32389999999995,4.32390000000002,2.32390000000002,13.4058999999999,21.4059000000001,33.4059000000001,36.4059000000001,16.4059000000001,24.4059000000001,27.4059000000001,27.4059000000001,15.4058999999999,22.4059000000001,2.38950000000002,10.3894999999999,10.3894999999999,10.3894999999999,7.38950000000002,9.38949999999994,7.38950000000002,12.3894999999999,9.38949999999994,8.38949999999994,19.4059000000001,52.4059000000001,38.4059000000001,37.4059000000001,37.4059000000001,30.4059000000001,34.4059000000001,35.4059000000001,33.4059000000001,23.4059000000001,10.4058999999999,21.4059000000001,15.4058999999999,11.4058999999999,15.4058999999999,21.4059000000001,17.4059000000001,21.4059000000001,12.4058999999999,7.40590000000002,1.3854,8.38539999999994,8.38539999999994,4.38540000000002,6.38540000000002,17.3854000000001,3.38540000000002,8.38539999999994,9.38539999999994,7.38540000000002,14.4058999999999,33.4059000000001,29.4059000000001,29.4059000000001,29.4059000000001,35.4059000000001,30.4059000000001,39.4059000000001,28.4059000000001,27.4059000000001,11.4017999999999,18.4018000000001,13.4017999999999,14.4017999999999,12.4017999999999,20.4018000000001,10.4017999999999,18.4018000000001,12.4017999999999,9.40179999999993,4.39770000000002,9.39769999999993,2.39770000000002,8.39769999999993,6.39770000000002,5.39770000000002,10.3976999999999,7.39770000000002,2.39770000000002,4.39770000000002,9.40589999999993,27.4059000000001,22.4059000000001,20.4059000000001,19.4059000000001,21.4059000000001,15.4058999999999,17.4059000000001,19.4059000000001,12.4058999999999,19.4059000000001,18.4059000000001,20.4059000000001,20.4059000000001,11.4058999999999,22.4059000000001,14.4058999999999,25.4059000000001,21.4059000000001,12.4058999999999,12.4058999999999,20.4059000000001,31.4059000000001,15.4058999999999,9.40589999999993,10.4058999999999,15.4058999999999,20.4059000000001,14.4058999999999,13.4058999999999,12.4058999999999,30.4059000000001,22.4059000000001,33.4059000000001,11.4058999999999,21.4059000000001,26.4059000000001,33.4059000000001,21.4059000000001,15.4058999999999,19.4059000000001,27.4059000000001,28.4059000000001,21.4059000000001,20.4059000000001,33.4059000000001,22.4059000000001,38.4059000000001,20.4059000000001,19.4059000000001,23.4059000000001,45.4059000000001,34.4059000000001,28.4059000000001,27.4059000000001,40.4059000000001,22.4059000000001,33.4059000000001,26.4059000000001,30.4059000000001,16.4059000000001,27.4059000000001,32.4059000000001,31.4059000000001,19.4059000000001,23.4059000000001,28.4059000000001,33.4059000000001,24.4059000000001,10.4058999999999],[7.32390000000002,8.32389999999995,6.32390000000002,5.32390000000002,3.32390000000002,7.32390000000002,11.3238999999999,13.3238999999999,6.32390000000002,4.32390000000002,8.40589999999993,20.4059000000001,20.4059000000001,16.4059000000001,19.4059000000001,24.4059000000001,16.4059000000001,25.4059000000001,17.4059000000001,12.4058999999999,5.38950000000002,8.38949999999994,13.3894999999999,11.3894999999999,9.38949999999994,7.38950000000002,6.38950000000002,13.3894999999999,7.38950000000002,8.38949999999994,31.4059000000001,41.4059000000001,42.4059000000001,38.4059000000001,45.4059000000001,45.4059000000001,27.4059000000001,43.4059000000001,33.4059000000001,26.4059000000001,2.40590000000002,11.4058999999999,4.40590000000002,7.40590000000002,4.40590000000002,12.4058999999999,5.40590000000002,8.40589999999993,7.40590000000002,7.40590000000002,4.38540000000002,2.38540000000002,4.38540000000002,1.3854,8.38539999999994,9.38539999999994,5.38540000000002,5.38540000000002,2.38540000000002,3.38540000000002,22.4059000000001,31.4059000000001,22.4059000000001,22.4059000000001,21.4059000000001,26.4059000000001,22.4059000000001,48.4059000000001,25.4059000000001,22.4059000000001,11.4017999999999,18.4018000000001,17.4018000000001,13.4017999999999,14.4017999999999,18.4018000000001,19.4018000000001,22.4018000000001,16.4018000000001,15.4017999999999,6.39770000000002,18.3977000000001,10.3976999999999,10.3976999999999,12.3976999999999,19.3977000000001,8.39769999999993,9.39769999999993,10.3976999999999,6.39770000000002,8.40589999999993,15.4058999999999,13.4058999999999,11.4058999999999,9.40589999999993,18.4059000000001,16.4059000000001,18.4059000000001,9.40589999999993,11.4058999999999,7.40590000000002,15.4058999999999,12.4058999999999,14.4058999999999,10.4058999999999,11.4058999999999,8.40589999999993,18.4059000000001,7.40590000000002,11.4058999999999,11.4058999999999,23.4059000000001,17.4059000000001,25.4059000000001,16.4059000000001,26.4059000000001,12.4058999999999,24.4059000000001,19.4059000000001,8.40589999999993,5.40590000000002,29.4059000000001,26.4059000000001,29.4059000000001,16.4059000000001,28.4059000000001,22.4059000000001,30.4059000000001,18.4059000000001,17.4059000000001,11.4058999999999,37.4059000000001,35.4059000000001,27.4059000000001,17.4059000000001,28.4059000000001,16.4059000000001,34.4059000000001,24.4059000000001,23.4059000000001,21.4059000000001,33.4059000000001,31.4059000000001,29.4059000000001,24.4059000000001,22.4059000000001,28.4059000000001,46.4059000000001,28.4059000000001,28.4059000000001,18.4059000000001,43.4059000000001,29.4059000000001,37.4059000000001,23.4059000000001,34.4059000000001,15.4058999999999,44.4059000000001,22.4059000000001,25.4059000000001],[10.3238999999999,7.32390000000002,8.32389999999995,7.32390000000002,9.32389999999995,8.32389999999995,9.32389999999995,14.3238999999999,24.3239000000001,9.32389999999995,15.4058999999999,29.4059000000001,26.4059000000001,24.4059000000001,24.4059000000001,28.4059000000001,23.4059000000001,26.4059000000001,18.4059000000001,19.4059000000001,2.38950000000002,8.38949999999994,8.38949999999994,5.38950000000002,5.38950000000002,8.38949999999994,3.38950000000002,8.38949999999994,4.38950000000002,3.38950000000002,29.4059000000001,57.4059000000001,50.4059000000001,46.4059000000001,39.4059000000001,67.4058999999994,45.4059000000001,52.4059000000001,36.4059000000001,32.4059000000001,10.4058999999999,21.4059000000001,20.4059000000001,13.4058999999999,13.4058999999999,18.4059000000001,17.4059000000001,22.4059000000001,16.4059000000001,20.4059000000001,8.38539999999994,20.3854000000001,10.3853999999999,19.3854000000001,14.3853999999999,15.3853999999999,12.3853999999999,15.3853999999999,12.3853999999999,8.38539999999994,20.4059000000001,37.4059000000001,38.4059000000001,19.4059000000001,18.4059000000001,38.4059000000001,15.4058999999999,34.4059000000001,26.4059000000001,11.4058999999999,6.40180000000002,4.40180000000002,17.4018000000001,15.4017999999999,13.4017999999999,8.40179999999993,9.40179999999993,13.4017999999999,10.4017999999999,8.40179999999993,3.39770000000002,19.3977000000001,7.39770000000002,6.39770000000002,6.39770000000002,10.3976999999999,7.39770000000002,10.3976999999999,7.39770000000002,6.39770000000002,8.40589999999993,27.4059000000001,20.4059000000001,21.4059000000001,9.40589999999993,18.4059000000001,15.4058999999999,28.4059000000001,17.4059000000001,10.4058999999999,14.4058999999999,27.4059000000001,26.4059000000001,20.4059000000001,16.4059000000001,12.4058999999999,18.4059000000001,25.4059000000001,15.4058999999999,20.4059000000001,16.4059000000001,29.4059000000001,27.4059000000001,30.4059000000001,19.4059000000001,37.4059000000001,26.4059000000001,48.4059000000001,22.4059000000001,20.4059000000001,11.4058999999999,23.4059000000001,23.4059000000001,28.4059000000001,9.40589999999993,21.4059000000001,18.4059000000001,23.4059000000001,20.4059000000001,13.4058999999999,22.4059000000001,35.4059000000001,21.4059000000001,19.4059000000001,20.4059000000001,24.4059000000001,16.4059000000001,35.4059000000001,20.4059000000001,23.4059000000001,12.4058999999999,25.4059000000001,27.4059000000001,20.4059000000001,13.4058999999999,37.4059000000001,18.4059000000001,28.4059000000001,19.4059000000001,15.4058999999999,20.4059000000001,30.4059000000001,24.4059000000001,29.4059000000001,18.4059000000001,41.4059000000001,20.4059000000001,28.4059000000001,14.4058999999999,15.4058999999999],[3.32390000000002,7.32390000000002,13.3238999999999,12.3238999999999,4.32390000000002,15.3238999999999,14.3238999999999,13.3238999999999,18.3239000000001,5.32390000000002,11.4058999999999,11.4058999999999,22.4059000000001,27.4059000000001,16.4059000000001,23.4059000000001,24.4059000000001,16.4059000000001,6.40590000000002,11.4058999999999,6.38950000000002,8.38949999999994,11.3894999999999,12.3894999999999,7.38950000000002,7.38950000000002,5.38950000000002,10.3894999999999,11.3894999999999,15.3894999999999,22.4059000000001,39.4059000000001,23.4059000000001,37.4059000000001,31.4059000000001,41.4059000000001,27.4059000000001,40.4059000000001,30.4059000000001,29.4059000000001,18.4059000000001,17.4059000000001,18.4059000000001,19.4059000000001,17.4059000000001,24.4059000000001,18.4059000000001,22.4059000000001,12.4058999999999,16.4059000000001,6.38540000000002,7.38540000000002,8.38539999999994,9.38539999999994,6.38540000000002,11.3853999999999,3.38540000000002,10.3853999999999,3.38540000000002,10.3853999999999,20.4059000000001,35.4059000000001,20.4059000000001,42.4059000000001,28.4059000000001,26.4059000000001,28.4059000000001,47.4059000000001,33.4059000000001,36.4059000000001,11.4017999999999,18.4018000000001,18.4018000000001,16.4018000000001,11.4017999999999,28.4018000000001,21.4018000000001,12.4017999999999,11.4017999999999,14.4017999999999,8.39769999999993,11.3976999999999,12.3976999999999,9.39769999999993,8.39769999999993,20.3977000000001,15.3976999999999,15.3976999999999,7.39770000000002,17.3977000000001,5.40590000000002,13.4058999999999,10.4058999999999,15.4058999999999,20.4059000000001,19.4059000000001,12.4058999999999,11.4058999999999,7.40590000000002,8.40589999999993,9.40589999999993,19.4059000000001,17.4059000000001,19.4059000000001,19.4059000000001,22.4059000000001,10.4058999999999,21.4059000000001,19.4059000000001,13.4058999999999,12.4058999999999,34.4059000000001,19.4059000000001,22.4059000000001,15.4058999999999,31.4059000000001,21.4059000000001,39.4059000000001,26.4059000000001,18.4059000000001,12.4058999999999,27.4059000000001,22.4059000000001,21.4059000000001,18.4059000000001,23.4059000000001,19.4059000000001,32.4059000000001,20.4059000000001,19.4059000000001,24.4059000000001,38.4059000000001,26.4059000000001,22.4059000000001,27.4059000000001,22.4059000000001,15.4058999999999,33.4059000000001,24.4059000000001,25.4059000000001,17.4059000000001,27.4059000000001,23.4059000000001,24.4059000000001,17.4059000000001,23.4059000000001,26.4059000000001,23.4059000000001,24.4059000000001,12.4058999999999,12.4058999999999,25.4059000000001,24.4059000000001,24.4059000000001,13.4058999999999,23.4059000000001,17.4059000000001,33.4059000000001,15.4058999999999,13.4058999999999],[2.32390000000002,3.32390000000002,1.3239,1.3239,1.3239,2.32390000000002,7.32390000000002,4.32390000000002,1.3239,4.32390000000002,18.4059000000001,21.4059000000001,23.4059000000001,27.4059000000001,25.4059000000001,26.4059000000001,16.4059000000001,32.4059000000001,18.4059000000001,9.40589999999993,7.38950000000002,16.3895000000001,10.3894999999999,7.38950000000002,11.389499999999