[[0.2024,0.2024,0.2024,0.2024,0.2024,0.2024,0.2024,0.2024,0.2024,0.2024,0.368,2.3634,4.3634,2.3634,7.3634,10.3634,3.3634,2.3634,0.368,0.368,0.3082,3.3036,0.3082,0.3082,3.3036,1.3036,3.3036,0.3082,1.3036,0.3082,1.37259999999999,6.37259999999999,6.37259999999999,8.37259999999999,15.3726,17.3726,13.3726,9.37259999999999,5.37259999999999,0.3772,0.3726,2.36799999999999,2.36799999999999,1.36799999999999,4.36799999999999,3.36799999999999,3.36799999999999,1.36799999999999,1.36799999999999,0.3726,0.2484,0.2484,1.2438,0.2484,0.2484,0.2484,0.2484,1.2438,0.2484,0.2484,0.3864,1.38179999999999,12.3818,5.38179999999999,4.38179999999999,18.3818,12.3818,8.38179999999999,1.38179999999999,2.38179999999999,0.3496,1.345,1.345,2.345,4.345,2.345,3.345,2.345,2.345,0.3496,0.276,0.276,1.2714,0.276,0.276,0.276,1.2714,0.276,0.276,0.276,1.3496,1.3496,2.3496,2.3496,3.3496,6.3496,1.3496,1.3496,2.3496,0.3542,0.345,0.345,5.3404,2.3404,4.3404,8.3404,3.3404,3.3404,5.3404,0.345,0.368,3.3634,7.3634,8.3634,7.3634,16.3634,11.3634,5.3634,6.3634,0.368,1.38179999999999,2.38179999999999,8.38179999999999,6.38179999999999,10.3818,20.3818,17.3818,5.38179999999999,6.38179999999999,0.3864,2.39099999999999,2.39099999999999,11.391,7.39099999999999,16.391,7.39099999999999,16.391,5.39099999999999,1.39099999999999,0.3956,0.3496,3.345,3.345,2.345,5.345,11.345,12.345,1.345,3.345,0.3496,1.3542,0.3588,5.3542,1.3542,6.3542,2.3542,4.3542,4.3542,1.3542,0.3588],[0.2024,3.1978,0.2024,1.1978,0.2024,0.2024,2.1978,1.1978,1.1978,1.1978,4.3634,3.3634,8.3634,4.3634,8.3634,7.3634,7.3634,3.3634,3.3634,1.3634,0.3082,4.3036,4.3036,4.3036,8.3036,4.3036,6.3036,2.3036,2.3036,0.3082,0.3772,7.37259999999999,13.3726,9.37259999999999,19.3726,35.3726000000003,25.3726,1.37259999999999,0.3772,0.3772,0.3726,6.36799999999999,4.36799999999999,2.36799999999999,9.36799999999999,10.368,7.36799999999999,4.36799999999999,8.36799999999999,0.3726,0.2484,0.2484,0.2484,1.2438,0.2484,2.2438,2.2438,0.2484,0.2484,0.2484,1.38179999999999,3.38179999999999,10.3818,6.38179999999999,13.3818,14.3818,10.3818,6.38179999999999,2.38179999999999,0.3864,0.3496,0.3496,7.345,0.3496,4.345,3.345,3.345,1.345,1.345,0.3496,0.276,0.276,3.2714,4.2714,1.2714,2.2714,3.2714,3.2714,0.276,0.276,0.3542,4.3496,11.3496,5.3496,12.3496,12.3496,10.3496,4.3496,0.3542,0.3542,0.345,3.3404,4.3404,3.3404,3.3404,8.3404,5.3404,1.3404,2.3404,0.345,0.368,3.3634,6.3634,4.3634,7.3634,18.3634,11.3634,0.368,3.3634,0.368,0.3864,1.38179999999999,3.38179999999999,4.38179999999999,10.3818,14.3818,9.38179999999999,4.38179999999999,6.38179999999999,0.3864,0.3956,1.39099999999999,3.39099999999999,4.39099999999999,9.39099999999999,2.39099999999999,9.39099999999999,2.39099999999999,4.39099999999999,0.3956,0.3496,4.345,6.345,5.345,5.345,9.345,8.345,3.345,0.3496,0.3496,2.3542,3.3542,8.3542,17.3542,13.3542,16.3542,8.3542,9.3542,2.3542,0.3588],[0.2024,0.2024,6.1978,0.2024,3.1978,2.1978,2.1978,1.1978,0.2024,0.2024,1.3634,2.3634,5.3634,2.3634,6.3634,8.3634,13.3634,1.3634,0.368,0.368,0.3082,2.3036,2.3036,2.3036,5.3036,4.3036,2.3036,3.3036,1.3036,0.3082,0.3772,5.37259999999999,16.3726,8.37259999999999,28.3726,28.3726,28.3726,11.3726,4.37259999999999,1.37259999999999,0.3726,4.36799999999999,2.36799999999999,1.36799999999999,2.36799999999999,6.36799999999999,3.36799999999999,1.36799999999999,2.36799999999999,0.3726,0.2484,3.2438,7.2438,1.2438,5.2438,6.2438,5.2438,0.2484,1.2438,0.2484,0.3864,6.38179999999999,14.3818,11.3818,16.3818,16.3818,19.3818,4.38179999999999,8.38179999999999,0.3864,0.3496,4.345,1.345,4.345,3.345,6.345,5.345,1.345,2.345,0.3496,0.276,0.276,0.276,2.2714,1.2714,2.2714,3.2714,1.2714,0.276,0.276,0.3542,2.3496,3.3496,4.3496,9.3496,9.3496,9.3496,2.3496,2.3496,0.3542,0.345,1.3404,2.3404,2.3404,5.3404,6.3404,4.3404,3.3404,1.3404,0.345,0.368,6.3634,14.3634,4.3634,16.3634,25.3634,18.3634,4.3634,2.3634,0.368,0.3864,1.38179999999999,4.38179999999999,3.38179999999999,13.3818,22.3818,17.3818,8.38179999999999,3.38179999999999,0.3864,2.39099999999999,5.39099999999999,8.39099999999999,9.39099999999999,10.391,14.391,14.391,4.39099999999999,2.39099999999999,2.39099999999999,1.345,4.345,13.345,5.345,16.345,26.345,26.345,6.345,3.345,0.3496,0.3588,8.3542,7.3542,3.3542,26.3542,15.3542,10.3542,7.3542,3.3542,0.3588],[0.2024,1.1978,0.2024,3.1978,0.2024,2.1978,2.1978,0.2024,0.2024,0.2024,0.368,6.3634,2.3634,5.3634,5.3634,7.3634,12.3634,1.3634,3.3634,0.368,0.3082,2.3036,3.3036,0.3082,4.3036,1.3036,3.3036,2.3036,1.3036,0.3082,0.3772,0.3772,6.37259999999999,2.37259999999999,10.3726,6.37259999999999,10.3726,4.37259999999999,1.37259999999999,1.37259999999999,2.36799999999999,4.36799999999999,2.36799999999999,6.36799999999999,5.36799999999999,8.36799999999999,7.36799999999999,4.36799999999999,4.36799999999999,0.3726,0.2484,1.2438,1.2438,0.2484,5.2438,6.2438,5.2438,1.2438,1.2438,0.2484,0.3864,3.38179999999999,7.38179999999999,5.38179999999999,18.3818,17.3818,17.3818,2.38179999999999,4.38179999999999,0.3864,1.345,2.345,7.345,5.345,9.345,8.345,6.345,3.345,2.345,0.3496,0.276,1.2714,1.2714,0.276,4.2714,2.2714,3.2714,1.2714,2.2714,0.276,0.3542,3.3496,5.3496,2.3496,10.3496,9.3496,9.3496,7.3496,3.3496,0.3542,0.345,2.3404,1.3404,4.3404,5.3404,7.3404,7.3404,4.3404,0.345,0.345,0.368,0.368,3.3634,2.3634,4.3634,6.3634,4.3634,6.3634,1.3634,0.368,2.38179999999999,1.38179999999999,7.38179999999999,5.38179999999999,8.38179999999999,9.38179999999999,12.3818,5.38179999999999,1.38179999999999,0.3864,0.3956,5.39099999999999,12.391,3.39099999999999,5.39099999999999,10.391,11.391,2.39099999999999,3.39099999999999,1.39099999999999,0.3496,1.345,6.345,5.345,13.345,18.345,22.345,3.345,0.3496,0.3496,0.3588,3.3542,7.3542,1.3542,14.3542,14.3542,10.3542,2.3542,1.3542,0.3588],[0.2024,0.2024,3.1978,0.2024,2.1978,5.1978,6.1978,2.1978,2.1978,0.2024,0.368,0.368,2.3634,5.3634,3.3634,9.3634,4.3634,1.3634,5.3634,0.368,0.3082,3.3036,1.3036,1.3036,7.3036,5.3036,7.3036,2.3036,3.3036,0.3082,0.3772,6.37259999999999,10.3726,10.3726,18.3726,13.3726,26.3726,10.3726,4.37259999999999,0.3772,0.3726,1.36799999999999,3.36799999999999,2.36799999999999,1.36799999999999,4.36799999999999,0.3726,2.36799999999999,1.36799999999999,0.3726,0.2484,0.2484,0.2484,1.2438,1.2438,1.2438,5.2438,1.2438,1.2438,0.2484,0.3864,2.38179999999999,10.3818,6.38179999999999,15.3818,17.3818,16.3818,3.38179999999999,1.38179999999999,0.3864,0.3496,2.345,3.345,2.345,7.345,9.345,10.345,4.345,0.3496,0.3496,0.276,0.276,5.2714,1.2714,9.2714,7.2714,9.2714,1.2714,1.2714,0.276,0.3542,3.3496,2.3496,4.3496,5.3496,2.3496,8.3496,7.3496,1.3496,0.3542,0.345,1.3404,4.3404,1.3404,8.3404,5.3404,6.3404,2.3404,0.345,0.345,1.3634,1.3634,5.3634,6.3634,5.3634,15.3634,10.3634,2.3634,1.3634,0.368,1.38179999999999,2.38179999999999,9.38179999999999,2.38179999999999,10.3818,21.3818,17.3818,3.38179999999999,2.38179999999999,0.3864,1.39099999999999,2.39099999999999,6.39099999999999,2.39099999999999,9.39099999999999,10.391,8.39099999999999,2.39099999999999,2.39099999999999,1.39099999999999,0.3496,4.345,10.345,5.345,10.345,20.345,19.345,3.345,1.345,0.3496,0.3588,2.3542,3.3542,0.3588,14.3542,8.3542,13.3542,4.3542,2.3542,0.3588],[0.2024,0.2024,2.1978,2.1978,5.1978,5.1978,4.1978,1.1978,0.2024,0.2024,1.3634,1.3634,5.3634,9.3634,7.3634,8.3634,15.3634,2.3634,1.3634,2.3634,0.3082,3.3036,3.3036,1.3036,2.3036,4.3036,1.3036,0.3082,2.3036,0.3082,0.3772,5.37259999999999,12.3726,5.37259999999999,14.3726,22.3726,29.3726,7.37259999999999,5.37259999999999,0.3772,1.36799999999999,4.36799999999999,4.36799999999999,0.3726,6.36799999999999,7.36799999999999,8.36799999999999,5.36799999999999,3.36799999999999,0.3726,0.2484,3.2438,2.2438,3.2438,4.2438,2.2438,5.2438,2.2438,0.2484,0.2484,1.38179999999999,2.38179999999999,6.38179999999999,3.38179999999999,13.3818,8.38179999999999,12.3818,8.38179999999999,2.38179999999999,0.3864,1.345,1.345,2.345,2.345,6.345,4.345,5.345,2.345,3.345,1.345,0.276,1.2714,1.2714,1.2714,0.276,3.2714,4.2714,1.2714,1.2714,0.276,0.3542,3.3496,4.3496,3.3496,5.3496,10.3496,12.3496,2.3496,1.3496,0.3542,0.345,3.3404,6.3404,5.3404,8.3404,10.3404,6.3404,5.3404,0.345,0.345,0.368,3.3634,13.3634,6.3634,11.3634,8.3634,12.3634,2.3634,2.3634,0.368,0.3864,2.38179999999999,3.38179999999999,5.38179999999999,9.38179999999999,12.3818,9.38179999999999,5.38179999999999,0.3864,0.3864,1.39099999999999,2.39099999999999,8.39099999999999,2.39099999999999,11.391,7.39099999999999,13.391,1.39099999999999,1.39099999999999,0.3956,0.3496,2.345,7.345,6.345,7.345,13.345,20.345,2.345,1.345,0.3496,0.3588,2.3542,3.3542,5.3542,11.3542,4.3542,14.3542,4.3542,2.3542,0.3588],[0.2024,2.1978,2.1978,2.1978,6.1978,4.1978,7.1978,1.1978,0.2024,0.2024,0.368,2.3634,3.3634,4.3634,11.3634,9.3634,14.3634,7.3634,4.3634,0.368,0.3082,4.3036,3.3036,1.3036,5.3036,7.3036,3.3036,1.3036,1.3036,1.3036,0.3772,4.37259999999999,12.3726,6.37259999999999,12.3726,21.3726,9.37259999999999,5.37259999999999,2.37259999999999,0.3772,1.36799999999999,3.36799999999999,9.36799999999999,4.36799999999999,11.368,5.36799999999999,13.368,3.36799999999999,2.36799999999999,0.3726,0.2484,0.2484,1.2438,0.2484,3.2438,4.2438,6.2438,0.2484,0.2484,0.2484,0.3864,7.38179999999999,9.38179999999999,3.38179999999999,19.3818,16.3818,8.38179999999999,8.38179999999999,2.38179999999999,0.3864,1.345,2.345,5.345,3.345,9.345,8.345,10.345,3.345,1.345,0.3496,0.276,5.2714,6.2714,2.2714,9.2714,7.2714,10.2714,2.2714,1.2714,0.276,0.3542,0.3542,4.3496,4.3496,8.3496,8.3496,8.3496,1.3496,5.3496,0.3542,0.345,2.3404,7.3404,2.3404,11.3404,6.3404,10.3404,2.3404,1.3404,0.345,0.368,4.3634,8.3634,2.3634,9.3634,14.3634,17.3634,6.3634,1.3634,0.368,1.38179999999999,4.38179999999999,6.38179999999999,13.3818,16.3818,14.3818,11.3818,3.38179999999999,3.38179999999999,0.3864,0.3956,2.39099999999999,5.39099999999999,3.39099999999999,12.391,14.391,10.391,6.39099999999999,2.39099999999999,1.39099999999999,0.3496,4.345,7.345,4.345,11.345,10.345,5.345,4.345,0.3496,0.3496,0.3588,3.3542,5.3542,7.3542,4.3542,11.3542,9.3542,1.3542,0.3588,0.3588],[0.2024,1.1978,1.1978,0.2024,2.1978,1.1978,1.1978,1.1978,0.2024,0.2024,0.368,3.3634,6.3634,8.3634,13.3634,14.3634,13.3634,4.3634,1.3634,0.368,0.3082,3.3036,3.3036,1.3036,4.3036,10.3036,4.3036,1.3036,0.3082,0.3082,0.3772,3.37259999999999,7.37259999999999,5.37259999999999,18.3726,17.3726,30.3726,4.37259999999999,1.37259999999999,1.37259999999999,0.3726,2.36799999999999,1.36799999999999,5.36799999999999,5.36799999999999,9.36799999999999,3.36799999999999,2.36799999999999,2.36799999999999,0.3726,0.2484,1.2438,2.2438,0.2484,1.2438,4.2438,0.2484,1.2438,0.2484,0.2484,0.3864,5.38179999999999,7.38179999999999,6.38179999999999,8.38179999999999,11.3818,5.38179999999999,3.38179999999999,2.38179999999999,0.3864,0.3496,1.345,2.345,3.345,6.345,6.345,9.345,4.345,0.3496,0.3496,0.276,0.276,2.2714,2.2714,0.276,3.2714,4.2714,0.276,2.2714,0.276,0.3542,4.3496,9.3496,5.3496,12.3496,14.3496,10.3496,6.3496,0.3542,0.3542,0.345,1.3404,7.3404,2.3404,5.3404,9.3404,7.3404,2.3404,1.3404,0.345,0.368,3.3634,12.3634,4.3634,10.3634,11.3634,20.3634,5.3634,3.3634,0.368,0.3864,6.38179999999999,6.38179999999999,6.38179999999999,15.3818,14.3818,11.3818,5.38179999999999,3.38179999999999,0.3864,0.3956,0.3956,3.39099999999999,4.39099999999999,5.39099999999999,14.391,15.391,1.39099999999999,0.3956,0.3956,0.3496,2.345,8.345,3.345,22.345,8.345,8.345,7.345,4.345,0.3496,0.3588,1.3542,3.3542,7.3542,9.3542,12.3542,9.3542,0.3588,5.3542,0.3588],[0.2024,1.1978,0.2024,0.2024,2.1978,0.2024,0.2024,0.2024,6.1978,0.2024,0.368,3.3634,4.3634,4.3634,6.3634,24.3634,18.3634,1.3634,3.3634,0.368,0.3082,0.3082,2.3036,1.3036,6.3036,6.3036,6.3036,2.3036,0.3082,0.3082,0.3772,3.37259999999999,9.37259999999999,7.37259999999999,17.3726,17.3726,26.3726,4.37259999999999,4.37259999999999,0.3772,0.3726,1.36799999999999,7.36799999999999,5.36799999999999,4.36799999999999,10.368,12.368,5.36799999999999,2.36799999999999,0.3726,0.2484,3.2438,4.2438,2.2438,1.2438,3.2438,4.2438,2.2438,0.2484,0.2484,0.3864,1.38179999999999,9.38179999999999,1.38179999999999,7.38179999999999,7.38179999999999,10.3818,7.38179999999999,1.38179999999999,0.3864,1.345,4.345,4.345,2.345,10.345,9.345,6.345,0.3496,1.345,0.3496,0.276,2.2714,1.2714,7.2714,7.2714,8.2714,6.2714,1.2714,1.2714,0.276,0.3542,4.3496,4.3496,3.3496,7.3496,11.3496,6.3496,3.3496,1.3496,0.3542,0.345,0.345,3.3404,4.3404,2.3404,3.3404,4.3404,2.3404,2.3404,0.345,1.3634,1.3634,9.3634,5.3634,22.3634,15.3634,11.3634,1.3634,1.3634,0.368,0.3864,3.38179999999999,4.38179999999999,4.38179999999999,10.3818,15.3818,11.3818,4.38179999999999,2.38179999999999,0.3864,2.39099999999999,3.39099999999999,3.39099999999999,1.39099999999999,7.39099999999999,10.391,7.39099999999999,2.39099999999999,4.39099999999999,0.3956,0.3496,0.3496,4.345,6.345,9.345,13.345,5.345,2.345,0.3496,0.3496,1.3542,1.3542,7.3542,3.3542,10.3542,5.3542,14.3542,5.3542,3.3542,0.3588],[0.2024,1.1978,0.2024,0.2024,0.2024,0.2024,0.2024,0.2024,0.2024,0.2024,0.368,0.368,5.3634,2.3634,4.3634,9.3634,5.3634,4.3634,0.368,0.368,0.3082,0.3082,0.3082,0.3082,2.3036,0.3082,1.3036,0.3082,0.3082,0.3082,0.3772,4.37259999999999,6.37259999999999,10.3726,16.3726,19.3726,22.3726,6.37259999999999,3.37259999999999,0.3772,0.3726,1.36799999999999,5.36799999999999,3.36799999999999,1.36799999999999,5.36799999999999,6.36799999999999,3.36799999999999,1.36799999999999,0.3726,0.2484,0.2484,3.2438,2.2438,2.2438,3.2438,2.2438,0.2484,0.2484,1.2438,1.38179999999999,2.38179999999999,3.38179999999999,5.38179999999999,5.38179999999999,10.3818,11.3818,4.38179999999999,4.38179999999999,0.3864,0.3496,0.3496,2.345,1.345,1.345,0.3496,0.3496,2.345,0.3496,0.3496,0.276,0.276,1.2714,0.276,3.2714,2.2714,2.2714,0.276,1.2714,0.276,0.3542,1.3496,3.3496,2.3496,2.3496,5.3496,4.3496,0.3542,2.3496,0.3542,0.345,1.3404,2.3404,1.3404,1.3404,6.3404,4.3404,1.3404,1.3404,0.345,0.368,2.3634,3.3634,7.3634,6.3634,6.3634,4.3634,2.3634,1.3634,0.368,1.38179999999999,5.38179999999999,3.38179999999999,6.38179999999999,7.38179999999999,12.3818,8.38179999999999,1.38179999999999,1.38179999999999,0.3864,0.3956,2.39099999999999,3.39099999999999,5.39099999999999,5.39099999999999,5.39099999999999,6.39099999999999,2.39099999999999,0.3956,0.3956,0.3496,6.345,3.345,2.345,6.345,5.345,4.345,6.345,1.345,0.3496,0.3588,3.3542,3.3542,2.3542,7.3542,6.3542,10.3542,0.3588,4.3542,0.3588],[0.368,4.3634,1.3634,0.368,0.368,1.3634,0.368,0.368,0.368,0.368,5.45539999999999,18.4554,7.45539999999999,13.4554,8.45539999999999,15.4554,11.4554,18.4554,14.4554,12.4554,8.43699999999999,5.43699999999999,5.43699999999999,6.43699999999999,6.43699999999999,6.43699999999999,5.43699999999999,2.43699999999999,3.43699999999999,5.43699999999999,21.4554,45.4554000000003,40.4554000000003,30.4554,21.4554,30.4554,28.4554,32.4554000000003,31.4554,28.4554,4.45539999999999,10.4554,4.45539999999999,12.4554,6.45539999999999,9.45539999999999,7.45539999999999,7.45539999999999,5.45539999999999,7.45539999999999,1.43239999999999,4.43239999999999,0.436999999999999,0.436999999999999,1.43239999999999,2.43239999999999,1.43239999999999,0.436999999999999,1.43239999999999,1.43239999999999,9.45539999999999,40.4554000000003,30.4554,19.4554,23.4554,30.4554,28.4554,30.4554,25.4554,9.45539999999999,11.4508,23.4508,8.45079999999999,11.4508,5.45079999999999,13.4508,12.4508,16.4508,5.45079999999999,6.45079999999999,1.44619999999999,5.44619999999999,4.44619999999999,1.44619999999999,1.44619999999999,0.450799999999999,1.44619999999999,0.450799999999999,2.44619999999999,3.44619999999999,3.45539999999999,12.4554,8.45539999999999,10.4554,5.45539999999999,6.45539999999999,10.4554,6.45539999999999,7.45539999999999,8.45539999999999,5.45539999999999,16.4554,14.4554,17.4554,12.4554,19.4554,14.4554,17.4554,12.4554,19.4554,16.4554,37.4554000000003,22.4554,30.4554,39.4554000000003,38.4554000000003,33.4554000000003,41.4554000000003,24.4554,18.4554,17.4554,39.4554000000003,34.4554000000003,33.4554000000003,17.4554,34.4554000000003,21.4554,37.4554000000003,24.4554,20.4554,11.4554,38.4554000000003,25.4554,31.4554,14.4554,28.4554,16.4554,24.4554,28.4554,15.4554,16.4554,22.4554,16.4554,20.4554,12.4554,20.4554,12.4554,27.4554,18.4554,19.4554,13.4554,20.4554,13.4554,17.4554,7.45539999999999,19.4554,19.4554,14.4554,16.4554,8.45539999999999],[2.3634,3.3634,2.3634,6.3634,0.368,1.3634,2.3634,3.3634,3.3634,0.368,18.4554,34.4554000000003,25.4554,21.4554,20.4554,29.4554,11.4554,21.4554,26.4554,13.4554,8.43699999999999,14.437,14.437,15.437,7.43699999999999,20.437,12.437,11.437,7.43699999999999,12.437,28.4554,50.4554000000003,48.4554000000003,44.4554000000003,28.4554,54.4554000000003,34.4554000000003,70.4553999999996,47.4554000000003,37.4554000000003,14.4554,32.4554000000003,21.4554,20.4554,13.4554,21.4554,14.4554,29.4554,20.4554,21.4554,3.43239999999999,4.43239999999999,0.436999999999999,4.43239999999999,1.43239999999999,1.43239999999999,1.43239999999999,6.43239999999999,1.43239999999999,1.43239999999999,21.4554,29.4554,38.4554000000003,21.4554,20.4554,38.4554000000003,29.4554,35.4554000000003,23.4554,22.4554,7.45079999999999,13.4508,11.4508,6.45079999999999,11.4508,12.4508,7.45079999999999,11.4508,12.4508,10.4508,3.44619999999999,12.4462,10.4462,8.44619999999999,10.4462,7.44619999999999,6.44619999999999,8.44619999999999,6.44619999999999,6.44619999999999,18.4554,34.4554000000003,30.4554,27.4554,18.4554,33.4554000000003,25.4554,37.4554000000003,20.4554,21.4554,9.45539999999999,19.4554,15.4554,16.4554,11.4554,10.4554,12.4554,17.4554,10.4554,15.4554,14.4554,28.4554,18.4554,33.4554000000003,17.4554,35.4554000000003,27.4554,36.4554000000003,26.4554,19.4554,14.4554,27.4554,23.4554,34.4554000000003,19.4554,29.4554,21.4554,30.4554,24.4554,18.4554,9.45539999999999,19.4554,21.4554,17.4554,11.4554,18.4554,12.4554,13.4554,7.45539999999999,10.4554,23.4554,26.4554,29.4554,30.4554,17.4554,31.4554,19.4554,34.4554000000003,22.4554,22.4554,20.4554,48.4554000000003,22.4554,38.4554000000003,26.4554,31.4554,29.4554,47.4554000000003,34.4554000000003,20.4554],[4.3634,8.3634,5.3634,2.3634,2.3634,5.3634,3.3634,6.3634,4.3634,5.3634,7.45539999999999,25.4554,24.4554,33.4554000000003,20.4554,26.4554,22.4554,23.4554,18.4554,16.4554,5.43699999999999,9.43699999999999,5.43699999999999,4.43699999999999,4.43699999999999,8.43699999999999,8.43699999999999,11.437,3.43699999999999,6.43699999999999,27.4554,61.4554000000003,50.4554000000003,54.4554000000003,36.4554000000003,64.4553999999996,42.4554000000003,77.4553999999996,44.4554000000003,41.4554000000003,12.4554,19.4554,14.4554,17.4554,11.4554,22.4554,16.4554,20.4554,10.4554,9.45539999999999,4.43239999999999,9.43239999999999,10.4324,11.4324,9.43239999999999,19.4324,11.4324,12.4324,12.4324,9.43239999999999,34.4554000000003,51.4554000000003,46.4554000000003,56.4554000000003,44.4554000000003,45.4554000000003,44.4554000000003,70.4553999999996,42.4554000000003,30.4554,13.4508,16.4508,13.4508,18.4508,13.4508,28.4508,10.4508,24.4508,11.4508,15.4508,3.44619999999999,7.44619999999999,9.44619999999999,14.4462,8.44619999999999,11.4462,7.44619999999999,7.44619999999999,7.44619999999999,5.44619999999999,15.4554,22.4554,25.4554,24.4554,15.4554,31.4554,19.4554,29.4554,21.4554,20.4554,11.4554,17.4554,16.4554,15.4554,9.45539999999999,21.4554,16.4554,20.4554,13.4554,17.4554,28.4554,41.4554000000003,32.4554000000003,34.4554000000003,29.4554,40.4554000000003,37.4554000000003,41.4554000000003,43.4554000000003,22.4554,24.4554,24.4554,21.4554,24.4554,27.4554,42.4554000000003,18.4554,57.4554000000003,35.4554000000003,23.4554,17.4554,43.4554000000003,26.4554,30.4554,20.4554,40.4554000000003,29.4554,31.4554,23.4554,24.4554,14.4554,39.4554000000003,35.4554000000003,27.4554,22.4554,38.4554000000003,24.4554,53.4554000000003,32.4554000000003,27.4554,21.4554,29.4554,34.4554000000003,18.4554,18.4554,45.4554000000003,19.4554,40.4554000000003,25.4554,17.4554],[2.3634,4.3634,2.3634,5.3634,5.3634,9.3634,4.3634,8.3634,4.3634,2.3634,13.4554,21.4554,33.4554000000003,36.4554000000003,16.4554,24.4554,27.4554,27.4554,15.4554,22.4554,2.43699999999999,10.437,10.437,10.437,7.43699999999999,9.43699999999999,7.43699999999999,12.437,9.43699999999999,8.43699999999999,19.4554,52.4554000000003,38.4554000000003,37.4554000000003,37.4554000000003,30.4554,34.4554000000003,35.4554000000003,33.4554000000003,23.4554,10.4554,21.4554,15.4554,11.4554,15.4554,21.4554,17.4554,21.4554,12.4554,7.45539999999999,1.43239999999999,8.43239999999999,8.43239999999999,4.43239999999999,6.43239999999999,17.4324,3.43239999999999,8.43239999999999,9.43239999999999,7.43239999999999,14.4554,33.4554000000003,29.4554,29.4554,29.4554,35.4554000000003,30.4554,39.4554000000003,28.4554,27.4554,11.4508,18.4508,13.4508,14.4508,12.4508,20.4508,10.4508,18.4508,12.4508,9.45079999999999,4.44619999999999,9.44619999999999,2.44619999999999,8.44619999999999,6.44619999999999,5.44619999999999,10.4462,7.44619999999999,2.44619999999999,4.44619999999999,9.45539999999999,27.4554,22.4554,20.4554,19.4554,21.4554,15.4554,17.4554,19.4554,12.4554,19.4554,18.4554,20.4554,20.4554,11.4554,22.4554,14.4554,25.4554,21.4554,12.4554,12.4554,20.4554,31.4554,15.4554,9.45539999999999,10.4554,15.4554,20.4554,14.4554,13.4554,12.4554,30.4554,22.4554,33.4554000000003,11.4554,21.4554,26.4554,33.4554000000003,21.4554,15.4554,19.4554,27.4554,28.4554,21.4554,20.4554,33.4554000000003,22.4554,38.4554000000003,20.4554,19.4554,23.4554,45.4554000000003,34.4554000000003,28.4554,27.4554,40.4554000000003,22.4554,33.4554000000003,26.4554,30.4554,16.4554,27.4554,32.4554000000003,31.4554,19.4554,23.4554,28.4554,33.4554000000003,24.4554,10.4554],[7.3634,8.3634,6.3634,5.3634,3.3634,7.3634,11.3634,13.3634,6.3634,4.3634,8.45539999999999,20.4554,20.4554,16.4554,19.4554,24.4554,16.4554,25.4554,17.4554,12.4554,5.43699999999999,8.43699999999999,13.437,11.437,9.43699999999999,7.43699999999999,6.43699999999999,13.437,7.43699999999999,8.43699999999999,31.4554,41.4554000000003,42.4554000000003,38.4554000000003,45.4554000000003,45.4554000000003,27.4554,43.4554000000003,33.4554000000003,26.4554,2.45539999999999,11.4554,4.45539999999999,7.45539999999999,4.45539999999999,12.4554,5.45539999999999,8.45539999999999,7.45539999999999,7.45539999999999,4.43239999999999,2.43239999999999,4.43239999999999,1.43239999999999,8.43239999999999,9.43239999999999,5.43239999999999,5.43239999999999,2.43239999999999,3.43239999999999,22.4554,31.4554,22.4554,22.4554,21.4554,26.4554,22.4554,48.4554000000003,25.4554,22.4554,11.4508,18.4508,17.4508,13.4508,14.4508,18.4508,19.4508,22.4508,16.4508,15.4508,6.44619999999999,18.4462,10.4462,10.4462,12.4462,19.4462,8.44619999999999,9.44619999999999,10.4462,6.44619999999999,8.45539999999999,15.4554,13.4554,11.4554,9.45539999999999,18.4554,16.4554,18.4554,9.45539999999999,11.4554,7.45539999999999,15.4554,12.4554,14.4554,10.4554,11.4554,8.45539999999999,18.4554,7.45539999999999,11.4554,11.4554,23.4554,17.4554,25.4554,16.4554,26.4554,12.4554,24.4554,19.4554,8.45539999999999,5.45539999999999,29.4554,26.4554,29.4554,16.4554,28.4554,22.4554,30.4554,18.4554,17.4554,11.4554,37.4554000000003,35.4554000000003,27.4554,17.4554,28.4554,16.4554,34.4554000000003,24.4554,23.4554,21.4554,33.4554000000003,31.4554,29.4554,24.4554,22.4554,28.4554,46.4554000000003,28.4554,28.4554,18.4554,43.4554000000003,29.4554,37.4554000000003,23.4554,34.4554000000003,15.4554,44.4554000000003,22.4554,25.4554],[10.3634,7.3634,8.3634,7.3634,9.3634,8.3634,9.3634,14.3634,24.3634,9.3634,15.4554,29.4554,26.4554,24.4554,24.4554,28.4554,23.4554,26.4554,18.4554,19.4554,2.43699999999999,8.43699999999999,8.43699999999999,5.43699999999999,5.43699999999999,8.43699999999999,3.43699999999999,8.43699999999999,4.43699999999999,3.43699999999999,29.4554,57.4554000000003,50.4554000000003,46.4554000000003,39.4554000000003,67.4553999999996,45.4554000000003,52.4554000000003,36.4554000000003,32.4554000000003,10.4554,21.4554,20.4554,13.4554,13.4554,18.4554,17.4554,22.4554,16.4554,20.4554,8.43239999999999,20.4324,10.4324,19.4324,14.4324,15.4324,12.4324,15.4324,12.4324,8.43239999999999,20.4554,37.4554000000003,38.4554000000003,19.4554,18.4554,38.4554000000003,15.4554,34.4554000000003,26.4554,11.4554,6.45079999999999,4.45079999999999,17.4508,15.4508,13.4508,8.45079999999999,9.45079999999999,13.4508,10.4508,8.45079999999999,3.44619999999999,19.4462,7.44619999999999,6.44619999999999,6.44619999999999,10.4462,7.44619999999999,10.4462,7.44619999999999,6.44619999999999,8.45539999999999,27.4554,20.4554,21.4554,9.45539999999999,18.4554,15.4554,28.4554,17.4554,10.4554,14.4554,27.4554,26.4554,20.4554,16.4554,12.4554,18.4554,25.4554,15.4554,20.4554,16.4554,29.4554,27.4554,30.4554,19.4554,37.4554000000003,26.4554,48.4554000000003,22.4554,20.4554,11.4554,23.4554,23.4554,28.4554,9.45539999999999,21.4554,18.4554,23.4554,20.4554,13.4554,22.4554,35.4554000000003,21.4554,19.4554,20.4554,24.4554,16.4554,35.4554000000003,20.4554,23.4554,12.4554,25.4554,27.4554,20.4554,13.4554,37.4554000000003,18.4554,28.4554,19.4554,15.4554,20.4554,30.4554,24.4554,29.4554,18.4554,41.4554000000003,20.4554,28.4554,14.4554,15.4554],[3.3634,7.3634,13.3634,12.3634,4.3634,15.3634,14.3634,13.3634,18.3634,5.3634,11.4554,11.4554,22.4554,27.4554,16.4554,23.4554,24.4554,16.4554,6.45539999999999,11.4554,6.43699999999999,8.43699999999999,11.437,12.437,7.43699999999999,7.43699999999999,5.43699999999999,10.437,11.437,15.437,22.4554,39.4554000000003,23.4554,37.4554000000003,31.4554,41.4554000000003,27.4554,40.4554000000003,30.4554,29.4554,18.4554,17.4554,18.4554,19.4554,17.4554,24.4554,18.4554,22.4554,12.4554,16.4554,6.43239999999999,7.43239999999999,8.43239999999999,9.43239999999999,6.43239999999999,11.4324,3.43239999999999,10.4324,3.43239999999999,10.4324,20.4554,35.4554000000003,20.4554,42.4554000000003,28.4554,26.4554,28.4554,47.4554000000003,33.4554000000003,36.4554000000003,11.4508,18.4508,18.4508,16.4508,11.4508,28.4508,21.4508,12.4508,11.4508,14.4508,8.44619999999999,11.4462,12.4462,9.44619999999999,8.44619999999999,20.4462,15.4462,15.4462,7.44619999999999,17.4462,5.45539999999999,13.4554,10.4554,15.4554,20.4554,19.4554,12.4554,11.4554,7.45539999999999,8.45539999999999,9.45539999999999,19.4554,17.4554,19.4554,19.4554,22.4554,10.4554,21.4554,19.4554,13.4554,12.4554,34.4554000000003,19.4554,22.4554,15.4554,31.4554,21.4554,39.4554000000003,26.4554,18.4554,12.4554,27.4554,22.4554,21.4554,18.4554,23.4554,19.4554,32.4554000000003,20.4554,19.4554,24.4554,38.4554000000003,26.4554,22.4554,27.4554,22.4554,15.4554,33.4554000000003,24.4554,25.4554,17.4554,27.4554,23.4554,24.4554,17.4554,23.4554,26.4554,23.4554,24.4554,12.4554,12.4554,25.4554,24.4554,24.4554,13.4554,23.4554,17.4554,33.4554000000003,15.4554,13.4554],[2.3634,3.3634,1.3634,1.3634,1.3634,2.3634,7.3634,4.3634,1.3634,4.3634,18.4554,21.4554,23.4554,27.4554,25.4554,26.4554,16.4554,32.4554000000003,18.4554,9.45539999999999,7.43699999999999,16.437,10.437,7.43699999999999,11.437,15.437,9.43699999999999,11.437,8.43699999999999,6.43699999999999,29.4554,42.4554000000003,26.4554,37.4554000000003,37.4554000000003,43.4554000000003,27.4554,64.4553999999996,32.4554000000003,24.4554,11.4554,15.4554,11.4554,10.4554,11.4554,11.4554,8.45539999999999,15.4554,15.4554,11.4554,4.43239999999999,2.43239999999999,3.43239999999999,6.43239999999999,5.43239999999999,7.43239999999999,7.43239999999999,2.43239999999999,3.43239999999999,2.43239999999999,16.4554,24.4554,13.4554,25.4554,21.4554,28.4554,18.4554,23.4554,22.4554,10.4554,10.4508,12.4508,9.45079999999999,11.4508,11.4508,15.4508,11.4508,9.45079999999999,6.45079999999999,7.45079999999999,4.44619999999999,11.4462,6.44619999999999,7.44619999999999,3.44619999999999,9.44619999999999,2.44619999999999,10.4462,3.44619999999999,5.44619999999999,15.4554,24.4554,27.4554,37.4554000000003,19.4554,31.4554,25.4554,33.4554000000003,19.4554,20.4554,10.4554,17.4554,24.4554,25.4554,17.4554,21.4554,12.4554,22.4554,19.4554,11.4554,17.4554,37.4554000000003,30.4554,29.4554,18.4554,42.4554000000003,22.4554,48.4554000000003,25.4554,24.4554,20.4554,30.4554,17.4554,22.4554,22.4554,37.4554000000003,24.4554,35.4554000000003,18.4554,20.4554,17.4554,36.4554000000003,25.4554,31.4554,24.4554,30.4554,18.4554,20.4554,24.4554,27.4554,15.4554,30.4554,27.4554,26.4554,18.4554,26.4554,22.4554,34.4554000000003,30.4554,24.4554,9.45539999999999,39.4554000000003,25.4554,23.4554,26.4554,27.4554,16.4554,46.4554000000003,26.4554,21.4554],[0.368,3.3634,0.368,3.3634,5.3634,1.3634,4.3634,1.3634,3.3634,0.368,14.4554,26.4554,18.4554,15.4554,17.4554,18.4554,6.45539999999999,18.4554,22.4554,8.45539999999999,1.43699999999999,9.43699999999999,13.437,11.437,3.43699999999999,12.437,6.43699999999999,7.43699999999999,8.43699999999999,7.43699999999999,27.4554,45.4554000000003,42.4554000000003,45.4554000000003,39.4554000000003,68.4553999999996,28.4554,77.4553999999996,48.4554000000003,33.4554000000003,16.4554,18.4554,22.4554,20.4554,17.4554,27.4554,17.4554,29.4554,13.4554,10.4554,7.43239999999999,10.4324,4.43239999999999,10.4324,3.43239999999999,12.4324,2.43239999999999,11.4324,7.43239999999999,8.43239999999999,16.4554,31.4554,21.4554,21.4554,14.4554,28.4554,22.4554,17.4554,20.4554,21.4554,14.4508,26.4508,16.4508,17.4508,14.4508,29.4508,13.4508,26.4508,7.45079999999999,9.45079999999999,5.44619999999999,15.4462,12.4462,11.4462,10.4462,16.4462,12.4462,22.4462,12.4462,5.44619999999999,18.4554,34.4554000000003,10.4554,24.4554,11.4554,15.4554,15.4554,25.4554,20.4554,12.4554,10.4554,22.4554,16.4554,8.45539999999999,10.4554,17.4554,12.4554,16.4554,13.4554,13.4554,12.4554,41.4554000000003,25.4554,30.4554,17.4554,39.4554000000003,23.4554,39.4554000000003,19.4554,23.4554,11.4554,27.4554,16.4554,26.4554,20.4554,28.4554,20.4554,39.4554000000003,17.4554,27.4554,15.4554,32.4554000000003,21.4554,20.4554,23.4554,16.4554,25.4554,33.4554000000003,24.4554,16.4554,5.45539999999999,24.4554,19.4554,28.4554,13.4554,32.4554000000003,14.4554,22.4554,16.4554,7.45539999999999,8.45539999999999,30.4554,14.4554,14.4554,21.4554,29.4554,23.4554,14.4554,15.4554,14.4554],[0.368,1.3634,0.368,0.368,0.368,2.3634,0.368,0.368,0.368,0.368,12.4554,13.4554,16.4554,22.4554,12.4554,19.4554,11.4554,9.45539999999999,8.45539999999999,9.45539999999999,3.43699999999999,2.43699999999999,2.43699999999999,0.441599999999999,0.441599999999999,1.43699999999999,1.43699999999999,0.441599999999999,1.43699999999999,0.441599999999999,23.4554,63.4554000000003,34.4554000000003,38.4554000000003,28.4554,54.4554000000003,35.4554000000003,49.4554000000003,37.4554000000003,37.4554000000003,7.45539999999999,12.4554,12.4554,10.4554,13.4554,10.4554,7.45539999999999,12.4554,4.45539999999999,5.45539999999999,1.43239999999999,5.43239999999999,1.43239999999999,3.43239999999999,0.436999999999999,1.43239999999999,6.43239999999999,3.43239999999999,1.43239999999999,3.43239999999999,11.4554,18.4554,21.4554,27.4554,25.4554,31.4554,18.4554,30.4554,21.4554,20.4554,4.45079999999999,11.4508,6.45079999999999,9.45079999999999,6.45079999999999,6.45079999999999,5.45079999999999,4.45079999999999,0.455399999999999,1.45079999999999,7.44619999999999,9.44619999999999,6.44619999999999,7.44619999999999,3.44619999999999,2.44619999999999,7.44619999999999,6.44619999999999,9.44619999999999,8.44619999999999,8.45539999999999,16.4554,8.45539999999999,16.4554,4.45539999999999,19.4554,8.45539999999999,7.45539999999999,7.45539999999999,4.45539999999999,1.45539999999999,10.4554,7.45539999999999,11.4554,8.45539999999999,9.45539999999999,12.4554,7.45539999999999,4.45539999999999,4.45539999999999,17.4554,29.4554,21.4554,22.4554,16.4554,18.4554,12.4554,25.4554,17.4554,14.4554,21.4554,32.4554000000003,20.4554,38.4554000000003,23.4554,25.4554,20.4554,23.4554,19.4554,17.4554,6.45539999999999,16.4554,13.4554,15.4554,10.4554,11.4554,6.45539999999999,18.4554,12.4554,4.45539999999999,6.45539999999999,24.4554,18.4554,15.4554,5.45539999999999,13.4554,13.4554,11.4554,13.4554,6.45539999999999,11.4554,27.4554,15.4554,19.4554,19.4554,19.4554,23.4554,14.4554,15.4554,11.4554],[0.3082,0.3082,0.3082,0.3082,0.3082,0.3082,0.3082,0.3082,0.3082,0.3082,8.43699999999999,8.43699999999999,5.43699999999999,2.43699999999999,5.43699999999999,2.43699999999999,6.43699999999999,7.43699999999999,1.43699999999999,3.43699999999999,3.40019999999999,2.40019999999999,0.404799999999999,3.40019999999999,0.404799999999999,1.40019999999999,2.40019999999999,4.40019999999999,4.40019999999999,1.40019999999999,7.45539999999999,21.4554,13.4554,11.4554,9.45539999999999,9.45539999999999,14.4554,18.4554,12.4554,6.45539999999999,1.44159999999999,6.44159999999999,3.44159999999999,5.44159999999999,6.44159999999999,1.44159999999999,3.44159999999999,9.44159999999999,1.44159999999999,1.44159999999999,0.3404,0.3404,0.3404,0.3404,1.3358,0.3404,2.3358,2.3358,0.3404,0.3404,3.45539999999999,17.4554,9.45539999999999,10.4554,12.4554,5.45539999999999,8.45539999999999,8.45539999999999,7.45539999999999,4.45539999999999,1.41859999999999,6.41859999999999,1.41859999999999,7.41859999999999,3.41859999999999,6.41859999999999,5.41859999999999,6.41859999999999,3.41859999999999,3.41859999999999,0.3864,0.3864,0.3864,2.38179999999999,1.38179999999999,0.3864,0.3864,0.3864,0.3864,0.3864,1.45079999999999,6.45079999999999,2.45079999999999,3.45079999999999,2.45079999999999,3.45079999999999,9.45079999999999,3.45079999999999,3.45079999999999,2.45079999999999,2.42779999999999,8.42779999999999,4.42779999999999,5.42779999999999,8.42779999999999,5.42779999999999,8.42779999999999,10.4278,4.42779999999999,2.42779999999999,5.43239999999999,13.4324,8.43239999999999,15.4324,10.4324,13.4324,11.4324,14.4324,7.43239999999999,3.43239999999999,7.45079999999999,18.4508,8.45079999999999,16.4508,6.45079999999999,10.4508,16.4508,25.4508,14.4508,2.45079999999999,5.44619999999999,10.4462,5.44619999999999,15.4462,9.44619999999999,11.4462,8.44619999999999,13.4462,5.44619999999999,3.44619999999999,5.44159999999999,11.4416,8.44159999999999,16.4416,7.44159999999999,9.44159999999999,9.44159999999999,16.4416,10.4416,1.44159999999999,2.44619999999999,9.44619999999999,4.44619999999999,5.44619999999999,5.44619999999999,2.44619999999999,9.44619999999999,6.44619999999999,6.44619999999999,4.44619999999999],[3.3036,4.3036,2.3036,2.3036,3.3036,3.3036,4.3036,3.3036,0.3082,0.3082,5.43699999999999,14.437,9.43699999999999,10.437,8.43699999999999,8.43699999999999,8.43699999999999,16.437,9.43699999999999,2.43699999999999,2.40019999999999,11.4002,3.40019999999999,6.40019999999999,3.40019999999999,3.40019999999999,5.40019999999999,9.40019999999999,3.40019999999999,1.40019999999999,10.4554,18.4554,16.4554,21.4554,20.4554,11.4554,15.4554,22.4554,15.4554,1.45539999999999,4.44159999999999,9.44159999999999,3.44159999999999,9.44159999999999,12.4416,4.44159999999999,12.4416,11.4416,9.44159999999999,2.44159999999999,0.3404,0.3404,1.3358,0.3404,0.3404,0.3404,3.3358,1.3358,0.3404,1.3358,4.45539999999999,17.4554,6.45539999999999,14.4554,10.4554,7.45539999999999,11.4554,13.4554,14.4554,3.45539999999999,0.423199999999999,5.41859999999999,5.41859999999999,3.41859999999999,4.41859999999999,3.41859999999999,5.41859999999999,4.41859999999999,2.41859999999999,1.41859999999999,2.38179999999999,3.38179999999999,3.38179999999999,6.38179999999999,2.38179999999999,1.38179999999999,1.38179999999999,2.38179999999999,6.38179999999999,0.3864,7.45079999999999,13.4508,9.45079999999999,19.4508,14.4508,11.4508,11.4508,20.4508,12.4508,3.45079999999999,0.432399999999999,8.42779999999999,2.42779999999999,4.42779999999999,2.42779999999999,9.42779999999999,4.42779999999999,5.42779999999999,4.42779999999999,1.42779999999999,4.43239999999999,14.4324,7.43239999999999,16.4324,7.43239999999999,7.43239999999999,6.43239999999999,14.4324,7.43239999999999,0.436999999999999,3.45079999999999,11.4508,8.45079999999999,9.45079999999999,8.45079999999999,7.45079999999999,10.4508,13.4508,6.45079999999999,1.45079999999999,6.44619999999999,8.44619999999999,12.4462,4.44619999999999,7.44619999999999,3.44619999999999,6.44619999999999,7.44619999999999,4.44619999999999,0.450799999999999,4.44159999999999,13.4416,5.44159999999999,14.4416,9.44159999999999,9.44159999999999,10.4416,10.4416,7.44159999999999,1.44159999999999,5.44619999999999,16.4462,7.44619999999999,19.4462,9.44619999999999,5.44619999999999,8.44619999999999,24.4462,13.4462,5.44619999999999],[0.3082,4.3036,2.3036,3.3036,1.3036,3.3036,3.3036,3.3036,2.3036,0.3082,5.43699999999999,14.437,5.43699999999999,10.437,13.437,8.43699999999999,11.437,10.437,13.437,2.43699999999999,0.404799999999999,3.40019999999999,8.40019999999999,2.40019999999999,4.40019999999999,3.40019999999999,2.40019999999999,5.40019999999999,3.40019999999999,0.404799999999999,10.4554,37.4554000000003,8.45539999999999,24.4554,20.4554,18.4554,17.4554,29.4554,23.4554,3.45539999999999,3.44159999999999,2.44159999999999,6.44159999999999,7.44159999999999,5.44159999999999,6.44159999999999,6.44159999999999,10.4416,6.44159999999999,0.446199999999999,1.3358,6.3358,4.3358,6.3358,4.3358,1.3358,6.3358,8.3358,5.3358,1.3358,10.4554,21.4554,10.4554,23.4554,25.4554,13.4554,13.4554,32.4554000000003,12.4554,7.45539999999999,3.41859999999999,15.4186,7.41859999999999,13.4186,3.41859999999999,5.41859999999999,8.41859999999999,8.41859999999999,5.41859999999999,0.423199999999999,3.38179999999999,7.38179999999999,2.38179999999999,3.38179999999999,3.38179999999999,2.38179999999999,3.38179999999999,3.38179999999999,7.38179999999999,1.38179999999999,3.45079999999999,10.4508,4.45079999999999,11.4508,7.45079999999999,9.45079999999999,9.45079999999999,12.4508,10.4508,1.45079999999999,4.42779999999999,12.4278,5.42779999999999,4.42779999999999,5.42779999999999,3.42779999999999,8.42779999999999,10.4278,5.42779999999999,2.42779999999999,4.43239999999999,16.4324,14.4324,16.4324,12.4324,9.43239999999999,18.4324,14.4324,11.4324,3.43239999999999,4.45079999999999,10.4508,6.45079999999999,22.4508,8.45079999999999,4.45079999999999,11.4508,19.4508,14.4508,3.45079999999999,6.44619999999999,19.4462,8.44619999999999,11.4462,10.4462,12.4462,15.4462,18.4462,8.44619999999999,1.44619999999999,6.44159999999999,15.4416,6.44159999999999,22.4416,8.44159999999999,14.4416,20.4416,22.4416,12.4416,4.44159999999999,5.44619999999999,5.44619999999999,6.44619999999999,15.4462,4.44619999999999,7.44619999999999,9.44619999999999,18.4462,5.44619999999999,3.44619999999999],[0.3082,4.3036,2.3036,0.3082,1.3036,1.3036,1.3036,1.3036,1.3036,0.3082,6.43699999999999,15.437,4.43699999999999,10.437,11.437,5.43699999999999,12.437,7.43699999999999,11.437,0.441599999999999,3.40019999999999,6.40019999999999,2.40019999999999,9.40019999999999,3.40019999999999,3.40019999999999,1.40019999999999,4.40019999999999,5.40019999999999,0.404799999999999,8.45539999999999,14.4554,7.45539999999999,19.4554,11.4554,9.45539999999999,9.45539999999999,16.4554,15.4554,1.45539999999999,4.44159999999999,9.44159999999999,6.44159999999999,11.4416,2.44159999999999,6.44159999999999,2.44159999999999,5.44159999999999,5.44159999999999,1.44159999999999,1.3358,1.3358,3.3358,9.3358,3.3358,4.3358,5.3358,1.3358,3.3358,2.3358,5.45539999999999,11.4554,4.45539999999999,21.4554,13.4554,11.4554,15.4554,15.4554,11.4554,3.45539999999999,3.41859999999999,9.41859999999999,6.41859999999999,6.41859999999999,8.41859999999999,5.41859999999999,9.41859999999999,7.41859999999999,7.41859999999999,1.41859999999999,0.3864,4.38179999999999,2.38179999999999,3.38179999999999,2.38179999999999,3.38179999999999,2.38179999999999,3.38179999999999,0.3864,1.38179999999999,4.45079999999999,6.45079999999999,2.45079999999999,9.45079999999999,8.45079999999999,6.45079999999999,7.45079999999999,9.45079999999999,8.45079999999999,6.45079999999999,4.42779999999999,8.42779999999999,6.42779999999999,9.42779999999999,6.42779999999999,3.42779999999999,5.42779999999999,9.42779999999999,4.42779999999999,0.432399999999999,3.43239999999999,9.43239999999999,5.43239999999999,9.43239999999999,7.43239999999999,2.43239999999999,5.43239999999999,8.43239999999999,7.43239999999999,0.436999999999999,6.45079999999999,10.4508,4.45079999999999,16.4508,9.45079999999999,10.4508,12.4508,7.45079999999999,7.45079999999999,3.45079999999999,4.44619999999999,9.44619999999999,10.4462,13.4462,11.4462,10.4462,11.4462,16.4462,12.4462,2.44619999999999,9.44159999999999,7.44159999999999,12.4416,22.4416,16.4416,5.44159