[[0.6719,0.6761,0.6797,0.6816,0.6827,0.6827,0.682,0.6796,0.6764,0.6721,1.2211,3.2129,5.2184,3.2221,8.2241,11.2239,4.2215,3.2174,1.2274,1.2194,1.0243,4.0152,1.036,1.0393,4.0251,2.0253,4.0236,1.0363,2.0155,1.0249,2.2323,7.2405,7.2468,9.25100000000001,16.2532,18.2535,14.2517,10.2478,6.242,1.2502,1.2353,3.227,3.2325,2.2362,5.2379,4.2376,4.2351,2.231,2.2246,1.2324,0.822,0.8273,1.8153,0.833400000000001,0.835000000000001,0.834800000000001,0.833500000000001,1.8145,0.8266,0.8211,1.2805,2.2726,13.2785,6.2825,5.2843,19.2841,13.2817,9.27750000000001,2.2711,3.2627,1.162,2.1531,2.158,3.16129999999999,5.16279999999999,3.1623,4.1598,3.1557,3.1497,1.1577,0.9122,0.9182,1.9071,0.926200000000001,0.927900000000001,0.928200000000001,1.9111,0.924300000000001,0.9202,0.9146,2.1599,2.167,3.1726,3.176,4.1777,7.1773,2.1754,2.1712,3.1652,1.1733,1.1435,1.1507,6.1403,3.1437,5.1456,9.14550000000001,4.1436,4.1397,6.1342,1.1426,1.2189,4.2107,8.2164,9.22010000000001,8.2218,17.2217,12.2195,6.2154,7.2093,1.2173,2.2663,3.2738,9.27950000000001,7.2828,11.2843,21.2836,18.281,6.2762,7.2694,1.2765,3.2964,3.3046,12.3107,8.3147,17.3166,8.3165,17.3141,6.3096,2.3032,1.3107,1.1608,4.1519,4.1573,3.1605,6.1621,12.1617,13.1595,2.1553,4.1494,1.1575,2.175,1.198,6.1876,2.191,7.1924,3.1921,5.1897,5.1855,2.1793,1.1873],[0.6761,3.6649,0.6839,1.6703,0.6871,0.6875,2.6702,1.6683,1.6648,1.6609,5.2126,4.2204,9.22620000000001,5.2299,9.23160000000001,8.2314,8.2293,4.2252,4.219,2.2108,1.0304,5.0212,5.0262,5.02949999999999,9.03130000000001,5.0314,7.0298,3.0264,3.0217,1.031,1.2562,8.2485,14.2547,10.2589,20.2611999999999,36.2615000000001,26.2594999999999,2.2558,1.2659,1.2581,1.2432,7.2348,5.2405,3.2441,10.2459,11.2454,8.2431,5.2388,9.23260000000001,1.2401,0.8279,0.8332,0.836800000000001,1.8236,0.840700000000001,2.8248,2.8232,0.8365,0.8324,0.827,2.2726,4.2807,11.2868,7.2905,14.2924,15.2922,11.29,7.2855,3.2792,1.2866,1.169,1.176,8.1653,1.1844,5.16989999999999,4.16949999999999,4.1671,2.1628,2.1567,1.1647,0.9185,0.9247,3.9136,4.9167,1.9185,2.9187,3.9176,3.9149,0.9266,0.9209,1.1829,5.1743,12.1797,6.1834,13.1849,13.1847,11.1824,5.1786,1.1884,1.1806,1.1507,4.1422,5.1476,4.1513,4.1529,9.15290000000001,6.1509,2.1472,3.1415,1.15,1.2269,4.2186,7.2243,5.2281,8.2299,19.2295999999999,12.2275,1.2393,4.2173,1.225,1.2903,2.282,4.2874,5.291,11.2925,15.2918,10.2889,5.2843,7.2776,1.2846,1.3202,2.3126,4.3186,5.32269999999999,10.3247,3.32459999999999,10.3221,3.31769999999999,5.3111,1.3185,1.168,5.1593,7.1644,6.1679,6.16929999999999,10.169,9.16670000000001,4.1626,1.1725,1.1647,3.1823,4.1897,9.19500000000001,18.1983999999999,14.1999,17.1994999999999,9.19720000000001,10.1929,3.1867,1.1945],[0.6797,0.6839,6.6715,0.6892,3.6749,2.6746,2.6738,1.6713,0.6844,0.6796,2.2182,3.226,6.23159999999999,3.23539999999999,7.23719999999999,9.23700000000001,14.2348,2.2306,1.2405,1.2323,1.0348,3.0256,3.0306,3.034,6.03569999999999,5.03589999999999,3.0342,4.0309,2.0259,1.0354,1.2619,6.2543,17.2606999999999,9.26480000000001,29.2671999999999,29.2672999999999,29.2655999999999,12.2617,5.256,2.248,1.2489,5.24089999999999,3.24629999999999,2.2501,3.25169999999999,7.25149999999999,4.24889999999999,2.2448,3.2384,1.246,0.8323,3.8215,7.8256,1.8282,5.82929999999999,6.82919999999999,5.8279,0.8409,1.821,0.8314,1.2945,7.2868,15.2925,12.2966,17.2983999999999,17.2982999999999,20.2957999999999,5.29159999999999,9.28510000000001,1.2925,1.1741,5.16549999999999,2.1705,5.17379999999999,4.17519999999999,7.17469999999999,6.17229999999999,2.1681,3.162,1.1699,0.9233,0.9296,0.9345,2.9216,1.9233,2.9237,3.9226,1.9197,0.9315,0.9258,1.1882,3.1796,4.18519999999999,5.18849999999999,10.1903,10.19,10.1879,3.1837,3.1779,1.1859,1.1562,2.1476,3.15329999999999,3.15669999999999,6.15849999999999,7.15829999999999,5.15659999999999,4.15269999999999,2.147,1.1553,1.2328,7.22459999999999,15.2303,5.23399999999999,17.2358999999999,26.2355999999999,19.2333999999999,5.22939999999999,3.2233,1.2311,1.2963,2.288,5.29359999999999,4.29699999999999,14.2986,23.2977999999999,18.2951999999999,9.29030000000001,4.28359999999999,1.2905,3.3102,6.31829999999999,9.32450000000001,10.3285,11.3306,15.3302,15.328,5.32359999999999,3.31709999999999,3.3084,2.1574,5.16449999999999,14.17,6.17319999999999,17.1746999999999,27.1742999999999,27.1721999999999,7.16799999999999,4.16189999999999,1.1699,1.2038,9.195,8.2004,4.20369999999999,27.2054999999999,16.2049,11.2025,8.1983,4.1923,1.2],[0.6816,1.6703,0.6892,3.6759,0.6926,2.677,2.6756,0.6897,0.6862,0.682,1.2379,7.22949999999999,3.2353,6.23909999999999,6.24089999999999,8.2407,13.2385,2.2343,4.2281,1.2361,1.0376,3.0283,4.0335,1.0526,5.03869999999999,2.0386,4.0371,3.0336,2.0289,1.038,1.2658,1.2743,7.26459999999999,3.26899999999999,11.2712,7.27149999999999,11.2696,5.26579999999999,2.2599,2.252,3.2371,5.24469999999999,3.25039999999999,7.25399999999999,6.25589999999999,9.25540000000002,8.2531,5.24859999999999,5.24249999999999,1.2499,0.8353,1.8249,1.8289,0.8474,5.83239999999999,6.83259999999999,5.8311,1.8284,1.8239,0.8347,1.2986,4.29059999999999,8.2967,6.30049999999999,19.3026999999999,18.3021999999999,18.2999999999999,3.29549999999999,5.28929999999999,1.2966,2.162,3.1688,8.174,6.17729999999999,10.1788,9.17820000000002,7.17579999999999,4.17149999999999,3.1654,1.1733,0.9267,1.9171,1.922,0.941100000000001,4.92689999999999,2.9271,3.9261,1.9233,2.919,0.9292,1.1916,4.18329999999999,6.18859999999999,3.19229999999999,11.1939,10.1937,10.1914,8.1874,4.18139999999999,1.1894,1.1598,3.1514,2.1568,5.16059999999999,6.16219999999999,8.1622,8.1602,5.15649999999999,1.1666,1.1591,1.2369,1.2447,4.23439999999999,3.23819999999999,5.24009999999999,7.23989999999999,5.23759999999999,7.23339999999999,2.2274,1.2351,3.2844,2.2922,8.2976,6.30129999999999,9.30270000000002,10.3021,13.2992,6.29459999999999,2.2876,1.2946,1.3298,6.32219999999999,13.3282,4.33239999999999,6.33449999999999,11.3343,12.3317,3.32729999999999,4.32089999999999,2.3122,1.1768,2.1682,7.17339999999999,6.17689999999999,14.1783,19.1779999999999,23.1756999999999,4.17159999999999,1.1814,1.1735,1.2072,4.19869999999999,8.204,2.2075,15.2091,15.2086,11.2062,3.2019,2.1958,1.2035],[0.6827,0.6871,3.6749,0.6926,2.6779,5.67789999999999,6.6772,2.6746,2.6714,0.6829,1.2396,1.2474,3.23719999999999,6.24099999999999,4.24289999999999,10.2427,5.24039999999999,2.2362,6.23009999999999,1.2379,1.0387,4.02969999999999,2.0346,2.0381,8.03969999999999,6.03999999999999,8.03819999999999,3.035,4.0299,1.0394,1.268,7.26049999999999,11.2669,11.2711,19.2733999999999,14.2737,27.2718999999999,11.2679,5.26199999999999,1.27,1.255,2.2469,4.25249999999999,3.25629999999999,2.258,5.25769999999999,1.2711,3.25089999999999,2.2445,1.2521,0.8375,0.8428,0.8469,1.8331,1.8347,1.8346,5.8333,1.83,1.8262,0.8366,1.3006,3.29289999999999,11.2988,7.30299999999999,16.3048,18.3045999999999,17.3020999999999,4.29789999999999,2.2913,1.2986,1.1794,3.17049999999999,4.17569999999999,3.17909999999999,8.18049999999999,10.1799,11.1775,5.17329999999999,1.183,1.1749,0.9288,0.9353,5.924,1.9274,9.92900000000002,7.92949999999999,9.92810000000001,1.9255,1.9211,0.9315,1.1935,4.18499999999999,3.19069999999999,5.19409999999999,6.19579999999999,3.19549999999999,9.19350000000001,8.18919999999999,2.1832,1.1911,1.1619,2.1534,5.15899999999999,2.1625,9.16440000000002,6.16429999999999,7.16239999999999,3.15839999999999,1.1687,1.1611,2.2232,2.2311,6.23689999999999,7.24069999999999,6.24239999999999,16.2423,11.2401,3.23589999999999,2.2296,1.2374,2.2866,3.29429999999999,10.3,3.30349999999999,11.305,22.3042999999999,18.3015999999999,4.29669999999999,3.28979999999999,1.2967,2.3158,3.32409999999999,7.33039999999999,3.33439999999999,10.3363,11.3362,9.33390000000002,3.32929999999999,3.32259999999999,2.314,1.1787,5.16999999999999,11.1754,6.17869999999999,11.1803,21.1798999999999,20.1776999999999,4.1734,2.1674,1.1754,1.209,3.20069999999999,4.20599999999999,1.2254,15.2109,9.21070000000002,14.2082,5.20389999999999,3.19749999999999,1.2054],[0.6827,0.6875,2.6746,2.677,5.67789999999999,5.6783,4.6769,1.6749,0.6873,0.6833,2.2234,2.2312,6.23709999999999,10.2409,8.24259999999999,9.24240000000002,16.2403,3.23609999999999,2.2298,3.2216,1.0382,4.0291,4.03419999999999,2.0375,3.03929999999999,5.03939999999999,2.0378,1.0503,3.0295,1.0388,1.2681,6.26049999999999,13.2667,6.27109999999999,15.2734,23.2736999999999,30.2716999999999,8.26789999999999,6.26199999999999,1.27,2.2392,5.24679999999999,5.25259999999999,1.2722,7.25809999999999,8.25759999999999,9.25530000000001,6.25089999999999,4.2446,1.252,0.838,3.8275,2.8313,3.834,4.83519999999999,2.83519999999999,5.83359999999999,2.8309,0.8426,0.8372,2.2846,3.29279999999999,7.29899999999999,4.3028,14.3047,9.30450000000002,13.3023,9.29770000000001,3.29119999999999,1.2985,2.1631,2.1703,3.17539999999999,3.17869999999999,7.18009999999999,5.17969999999999,6.17719999999999,3.17289999999999,4.1667,2.1588,0.9295,1.9198,1.9247,1.9279,0.945600000000001,3.9299,4.92879999999999,1.926,1.9218,0.9319,1.1932,4.1848,5.19019999999999,4.194,6.19549999999999,11.1953,13.193,3.18909999999999,2.1829,1.1909,1.1619,4.1535,7.15899999999999,6.16279999999999,9.16440000000002,11.1644,7.16239999999999,6.15869999999999,1.1687,1.1612,1.2394,4.2312,14.237,7.24089999999999,12.2427,9.24240000000002,13.2402,3.23609999999999,3.22989999999999,1.2375,1.3025,3.29429999999999,4.29979999999999,6.30349999999999,10.305,13.3043,10.3014,6.29669999999999,1.3057,1.2967,2.3154,3.32379999999999,9.32980000000001,3.33399999999999,12.336,8.33589999999999,14.3333,2.3289,2.3223,1.3295,1.1785,3.16989999999999,8.17519999999999,7.17869999999999,8.18009999999999,14.1798,21.1774999999999,3.17339999999999,2.1672,1.1752,1.2089,3.20039999999999,4.20579999999999,6.20929999999999,12.2108,5.21039999999999,15.208,5.20369999999999,3.1974,1.2051],[0.682,2.6702,2.6738,2.6756,6.6772,4.6769,7.6761,1.6735,0.6866,0.6819,1.237,3.2288,4.2346,5.23839999999999,12.2402,10.24,15.2378,8.23359999999999,5.22749999999999,1.2352,1.0359,5.027,4.03189999999999,2.0353,6.03699999999999,8.03719999999999,4.0355,2.0322,2.0273,2.0207,1.2658,5.25819999999999,13.2646,7.26879999999999,13.2712,22.2712999999999,10.2696,6.26569999999999,3.25989999999999,1.2678,2.237,4.2449,10.2503,5.25419999999999,12.2558,6.25559999999999,14.253,4.24879999999999,3.2424,1.25,0.8372,0.8424,1.8306,0.849,3.8343,4.83419999999999,6.83289999999999,0.8459,0.8417,0.8363,1.2983,8.29059999999999,10.2964,4.30049999999999,20.3022999999999,17.3021999999999,9.29960000000001,9.29540000000001,3.2889,1.2963,2.1609,3.16799999999999,6.17309999999999,4.17639999999999,10.1778,9.17730000000001,11.1749,4.17059999999999,2.1645,1.1724,0.9283,5.9188,6.9237,2.9268,9.92850000000002,7.92889999999999,10.9278,2.9249,1.9206,0.931,1.191,1.1984,5.18799999999999,5.19139999999999,9.19320000000002,9.19290000000002,9.19080000000001,2.1866,6.18069999999999,1.1887,1.1601,3.1515,8.15719999999999,3.16069999999999,12.1625,7.16229999999999,11.1606,3.15659999999999,2.1509,1.1592,1.2375,5.22929999999999,9.23500000000001,3.23879999999999,10.2407,15.2404,18.2381999999999,7.23399999999999,2.228,1.2358,2.2844,5.29199999999999,7.29759999999999,14.3011,17.3026999999999,15.3019,12.2992,4.2944,4.2876,1.2945,1.3287,3.3209,6.32719999999999,4.33119999999999,13.3333,15.3329,11.3307,7.32619999999999,3.31969999999999,2.311,1.1764,5.16769999999999,8.17309999999999,5.17639999999999,12.1779,11.1775,6.17539999999999,5.17109999999999,1.181,1.173,1.2068,4.19809999999999,6.20339999999999,8.20679999999999,5.20859999999999,12.208,10.2056,2.2013,1.2111,1.203],[0.6796,1.6683,1.6713,0.6897,2.6746,1.6749,1.6735,1.6717,0.6841,0.6799,1.233,4.2247,7.23039999999999,9.23410000000001,14.2359,15.2357,14.2335,5.22949999999999,2.2233,1.2312,1.0324,4.023,4.0282,2.0313,5.03329999999999,11.0332,5.03169999999999,2.0283,1.0395,1.0327,1.2617,4.2542,8.26049999999999,6.26479999999999,19.2669999999999,18.2672999999999,31.2654999999999,5.26169999999999,2.2558,2.2479,1.2491,3.2408,2.2465,6.24999999999999,6.25189999999999,10.2514,4.24909999999999,3.2447,3.2386,1.246,0.8349,1.8246,2.8284,0.847,1.832,4.83219999999999,0.8466,1.828,0.8395,0.8342,1.2942,6.28619999999999,8.29229999999999,7.29609999999999,9.29820000000002,12.2977,6.29549999999999,4.29109999999999,3.2849,1.2922,1.173,2.164,3.1691,4.17229999999999,7.17379999999999,7.17319999999999,10.1708,5.1666,1.1764,1.1684,0.9261,0.9321,2.9212,2.9244,0.942,3.9263,4.92529999999999,0.9384,2.9183,0.9284,1.187,5.1785,10.1839,6.18749999999999,13.1891,15.1889,11.1867,7.18269999999999,1.1926,1.1847,1.1564,2.148,8.1534,3.15709999999999,6.15869999999999,10.1587,8.1567,3.153,2.1473,1.1557,1.2337,4.2257,13.2313,5.23499999999999,11.2369,12.2367,21.2343999999999,6.23029999999999,4.2243,1.232,1.2961,7.28799999999999,7.29339999999999,7.29699999999999,16.2984,15.2978,12.295,6.29029999999999,4.28339999999999,1.2904,1.324,1.3324,4.32239999999999,5.32649999999999,6.32859999999999,15.3284,16.3259,2.3215,1.331,1.3223,1.1725,3.1638,9.16910000000001,4.17249999999999,23.1738999999999,9.17360000000001,9.17130000000001,8.1673,5.16119999999999,1.1692,1.2027,2.1941,4.19939999999999,8.20279999999999,10.2044,13.2039,10.2016,1.2132,6.19119999999999,1.1989],[0.6764,1.6648,0.6844,0.6862,2.6714,0.6873,0.6866,0.6841,6.66489999999999,0.6766,1.2268,4.2186,5.2243,5.2281,7.2299,25.2296999999999,19.2274999999999,2.2234,4.2173,1.2252,1.0269,1.0337,3.0226,2.026,7.0276,7.0279,7.0261,3.023,1.0339,1.0276,1.2559,4.2483,10.2546,8.2587,18.2609999999999,18.2612999999999,27.2594999999999,5.2556,5.2499,1.258,1.2432,2.235,8.2405,6.2442,5.24589999999999,11.2456,13.2431,6.2389,3.2326,1.2403,0.8318,3.8212,4.8252,2.8273,1.8289,3.8288,4.8275,2.8242,0.8364,0.831,1.2881,2.2803,10.286,2.2901,8.2919,8.2917,11.2893,8.2851,2.2786,1.286,2.1512,5.1581,5.1632,3.16649999999999,11.1679,10.1673,7.1649,1.1766,2.1547,1.1625,0.9222,2.9127,1.9172,7.9206,7.9222,8.92270000000001,6.9213,1.9187,1.9144,0.9248,1.1813,5.1727,5.1782,4.1816,8.1833,12.183,7.181,4.1768,2.171,1.179,1.1512,1.1585,4.1481,5.1515,3.15339999999999,4.1533,5.1514,3.1475,3.142,1.1503,2.2123,2.22,10.2258,6.2295,23.2311999999999,16.2311,12.2289,2.2248,2.2186,1.2265,1.2901,4.2818,5.2874,5.2908,11.2923,16.2916,12.2889,5.2841,3.2774,1.2844,3.3016,4.3098,4.3161,2.3199,8.3218,11.3217,8.3194,3.315,5.3084,1.3158,1.167,1.1741,5.1634,7.1667,10.1683,14.1679,6.1657,3.1616,1.1715,1.1637,2.1809,2.1884,8.1936,4.197,11.1984,6.1982,15.1958,6.1915,4.1853,1.1932],[0.6721,1.6609,0.6796,0.682,0.6829,0.6833,0.6819,0.6799,0.6766,0.6725,1.2189,1.2266,6.2162,3.2201,5.2218,10.2216,6.2195,5.2154,1.2252,1.2172,1.0199,1.0264,1.0316,1.0348,3.0206,1.0365,2.0192,1.0318,1.0269,1.0204,1.248,5.2403,7.2466,11.2508,17.253,20.2533,23.2514,7.2476,4.2418,1.2501,1.2355,2.227,6.2327,4.2363,2.2381,6.2376,7.2353,4.2311,2.2248,1.2324,0.8271,0.8324,3.8202,2.8228,2.8241,3.8241,2.8224,0.8357,0.8317,1.8104,2.264,3.272,4.278,6.2818,6.2836,11.2834,12.2812,5.2768,5.2704,1.2779,1.1594,1.1664,3.1555,2.1587,2.1601,1.1756,1.1731,3.1531,1.1628,1.155,0.9171,0.9231,1.9119,0.931,3.9171,2.9171,2.916,0.929099999999999,1.9093,0.9193,1.1735,2.165,4.1704,3.174,3.1755,6.1753,5.1731,1.1851,3.1632,1.1714,1.144,2.1353,3.1408,2.1444,2.1461,7.1461,5.1441,2.1404,2.1347,1.1432,1.2208,3.2124,4.2181,8.2219,7.2237,7.2234,5.2212,3.2172,2.211,1.2189,2.2661,6.2736,4.2791,7.2826,8.2841,13.2834,9.28060000000001,2.276,2.2692,1.2763,1.3088,3.3011,4.3072,6.3112,6.3131,6.313,7.3106,3.3061,1.3156,1.3071,1.1594,7.1506,4.1559,3.1593,7.1607,6.1604,5.1582,7.1541,2.148,1.1562,1.1892,4.1805,4.1859,3.1891,8.1907,7.1903,11.188,1.1995,5.1777,1.1855],[1.2211,5.2126,2.2182,1.2379,1.2396,2.2234,1.237,1.233,1.2268,1.2189,6.5047,19.5143,8.52150000000001,14.5264,9.52890000000001,16.5289,12.5264,19.5215,15.5143,13.5047,9.44690000000001,6.4559,6.4628,7.4674,7.4697,7.4695,6.467,3.46219999999999,4.4552,6.4458,22.5047,46.5143,41.5215,31.5264,22.5289,31.5289,29.5264,33.5215,32.5143,29.5047,5.5047,11.5143,5.5215,13.5264,7.5289,10.5289,8.5264,8.5215,6.5143,8.50470000000001,2.4272,5.4363,1.4592,1.464,2.4506,3.45059999999999,2.4484,1.4598,2.4372,2.4281,10.5047,41.5143,31.5215,20.5264,24.5289,31.5289,29.5264,31.5215,26.5143,10.5047,12.4905,24.5,9.50700000000001,12.5118,6.5142,14.5141,13.5115,17.5066,6.4994,7.4898,2.4738,6.4831,5.4901,2.4948,2.4972,1.513,2.4946,1.5056,3.4826,4.4731,4.5047,13.5143,9.52150000000001,11.5264,6.5289,7.5289,11.5264,7.5215,8.5143,9.50470000000001,6.5047,17.5143,15.5215,18.5264,13.5289,20.5289,15.5264,18.5215,13.5143,20.5047,17.5047,38.5143,23.5215,31.5264,40.5289,39.5289,34.5264,42.5215,25.5143,19.5047,18.5047,40.5143,35.5215,34.5264,18.5289,35.5289,22.5264,38.5215,25.5143,21.5047,12.5047,39.5143,26.5215,32.5264,15.5289,29.5289,17.5264,25.5215,29.5143,16.5047,17.5047,23.5143,17.5215,21.5264,13.5289,21.5289,13.5264,28.5215,19.5143,20.5047,14.5047,21.5143,14.5215,18.5264,8.52890000000001,20.5289,20.5264,15.5215,17.5143,9.50470000000001],[3.2129,4.2204,3.226,7.22949999999999,1.2474,2.2312,3.2288,4.2247,4.2186,1.2266,19.5143,35.524,26.5311999999999,22.5360999999999,21.5386999999999,30.5386999999999,12.5361,22.5311999999999,27.524,14.5143,9.45570000000001,15.4648,15.4717,16.4763,8.47870000000001,21.4784999999999,13.4759,12.4711,8.4641,13.4546,29.5143,51.524,49.5312,45.5361000000001,29.5386999999999,55.5387000000001,35.5361000000001,71.5312,48.524,38.5143,15.5143,33.524,22.5311999999999,21.5360999999999,14.5387,22.5386999999999,15.5361,30.5311999999999,21.524,22.5143,4.4366,5.446,1.4687,5.45759999999999,2.4602,2.4604,2.4579,7.4534,2.4467,2.4377,22.5143,30.524,39.5312,22.5360999999999,21.5386999999999,39.5387000000001,30.5360999999999,36.5312,24.524,23.5143,8.49990000000001,14.5095,12.5165,7.52129999999999,12.5238,13.5237,8.521,12.5161,13.5089,11.4992,4.4834,13.4929,11.4998,9.50460000000001,11.507,8.50700000000001,7.50429999999999,9.49950000000001,7.4923,7.4828,19.5143,35.524,31.5311999999999,28.5360999999999,19.5386999999999,34.5387000000001,26.5360999999999,38.5312,21.524,22.5143,10.5143,20.524,16.5312,17.5360999999999,12.5387,11.5387,13.5361,18.5311999999999,11.524,16.5143,15.5143,29.524,19.5311999999999,34.5361000000001,18.5386999999999,36.5387000000001,28.5360999999999,37.5312,27.524,20.5143,15.5143,28.524,24.5311999999999,35.5361000000001,20.5386999999999,30.5386999999999,22.5360999999999,31.5311999999999,25.524,19.5143,10.5143,20.524,22.5311999999999,18.5360999999999,12.5387,19.5386999999999,13.5361,14.5312,8.524,11.5143,24.5143,27.524,30.5311999999999,31.5360999999999,18.5386999999999,32.5387,20.5360999999999,35.5312,23.524,23.5143,21.5143,49.524,23.5311999999999,39.5361000000001,27.5386999999999,32.5387,30.5360999999999,48.5312,35.524,21.5143],[5.2184,9.22620000000001,6.23159999999999,3.2353,3.23719999999999,6.23709999999999,4.2346,7.23039999999999,5.2243,6.2162,8.52150000000001,26.5311999999999,25.5383999999999,34.5433000000001,21.5459999999999,27.5459999999999,23.5432999999999,24.5383999999999,19.5311999999999,17.5215,6.4622,10.4714,6.47819999999999,5.48269999999999,5.48519999999999,9.48520000000001,9.48240000000001,12.4776,4.4705,7.4611,28.5215,62.5312,51.5384000000001,55.5433000000001,37.5460000000001,65.5459999999999,43.5433000000001,78.5383999999999,45.5312,42.5215,13.5215,20.5311999999999,15.5384,18.5432999999999,12.546,23.5459999999999,17.5432999999999,21.5383999999999,11.5312,10.5215,5.4439,10.4531,11.4601,12.4647,10.4676,20.4675999999999,12.4652,13.4605,13.454,10.4448,35.5215,52.5312,47.5384000000001,57.5433000000001,45.5460000000001,46.5460000000001,45.5433000000001,71.5383999999999,43.5312,31.5215,14.507,17.5164999999999,14.5235,19.5282999999999,14.5309,29.5307999999999,11.5281,25.5230999999999,12.5159,16.5062,4.4908,8.5001,10.5072,15.5118,9.51450000000001,12.5143,8.5117,8.5067,8.4997,6.49,16.5215,23.5311999999999,26.5383999999999,25.5432999999999,16.546,32.546,20.5432999999999,30.5383999999999,22.5311999999999,21.5215,12.5215,18.5311999999999,17.5383999999999,16.5433,10.546,22.5459999999999,17.5432999999999,21.5383999999999,14.5312,18.5215,29.5215,42.5312,33.5384000000001,35.5433000000001,30.5459999999999,41.5460000000001,38.5433000000001,42.5384000000001,44.5312,23.5215,25.5215,25.5311999999999,22.5383999999999,25.5432999999999,28.5459999999999,43.5460000000001,19.5432999999999,58.5384000000001,36.5312,24.5215,18.5215,44.5312,27.5383999999999,31.5432999999999,21.5459999999999,41.5460000000001,30.5432999999999,32.5384,24.5311999999999,25.5215,15.5215,40.5312,36.5384000000001,28.5432999999999,23.5459999999999,39.5460000000001,25.5432999999999,54.5384000000001,33.5312,28.5215,22.5215,30.5311999999999,35.5384000000001,19.5432999999999,19.5459999999999,46.5460000000001,20.5432999999999,41.5384000000001,26.5311999999999,18.5215],[3.2221,5.2299,3.23539999999999,6.23909999999999,6.24099999999999,10.2409,5.23839999999999,9.23410000000001,5.2281,3.2201,14.5264,22.5360999999999,34.5433000000001,37.5482000000001,17.5509999999999,25.5509999999999,28.5481999999999,28.5432999999999,16.5361,23.5264,3.4664,11.4757,11.4825,11.487,8.4897,10.4895,8.4868,13.4818,10.4749,9.46540000000001,20.5264,53.5361000000001,39.5433000000001,38.5482000000001,38.5510000000001,31.5509999999999,35.5482000000001,36.5433000000001,34.5361000000001,24.5264,11.5264,22.5360999999999,16.5433,12.5482,16.551,22.5509999999999,18.5481999999999,22.5432999999999,13.5361,8.5264,2.4487,9.45820000000001,9.46490000000001,5.46979999999999,7.47249999999999,18.4727999999999,4.46999999999999,9.46560000000001,10.4588,8.4499,15.5264,34.5361000000001,30.5432999999999,30.5481999999999,30.5509999999999,36.5510000000001,31.5481999999999,40.5433000000001,29.5360999999999,28.5264,12.5117,19.5211999999999,14.5283,15.5331,13.5357,21.5356999999999,11.5328,19.5278999999999,13.5206,10.511,5.49569999999999,10.5052,3.51209999999999,9.51690000000001,7.51949999999999,6.51949999999999,11.5166,8.5118,3.50459999999999,5.4951,10.5264,28.5360999999999,23.5432999999999,21.5481999999999,20.5509999999999,22.5509999999999,16.5482,18.5432999999999,20.5360999999999,13.5264,20.5264,19.5360999999999,21.5432999999999,21.5481999999999,12.551,23.5509999999999,15.5482,26.5432999999999,22.5360999999999,13.5264,13.5264,21.5360999999999,32.5433,16.5482,10.551,11.551,16.5482,21.5432999999999,15.5361,14.5264,13.5264,31.5360999999999,23.5432999999999,34.5482000000001,12.551,22.5509999999999,27.5481999999999,34.5433000000001,22.5360999999999,16.5264,20.5264,28.5360999999999,29.5432999999999,22.5481999999999,21.5509999999999,34.5510000000001,23.5481999999999,39.5433000000001,21.5360999999999,20.5264,24.5264,46.5361000000001,35.5433000000001,29.5481999999999,28.5509999999999,41.5510000000001,23.5481999999999,34.5433000000001,27.5360999999999,31.5264,17.5264,28.5360999999999,33.5433000000001,32.5482,20.5509999999999,24.5509999999999,29.5481999999999,34.5433000000001,25.5360999999999,11.5264],[8.2241,9.23160000000001,7.23719999999999,6.24089999999999,4.24289999999999,8.2426,12.2402,14.2359,7.2299,5.2218,9.52890000000001,21.5386999999999,21.5459999999999,17.5509999999999,20.5536999999999,25.5536999999999,17.5509999999999,26.5459999999999,18.5386999999999,13.5289,6.4684,9.47780000000001,14.4846,12.4893,10.4917,8.4917,7.48889999999999,14.484,8.4768,9.46740000000001,32.5289,42.5387000000001,43.5460000000001,39.5510000000001,46.5537000000001,46.5537000000001,28.5509999999999,44.5460000000001,34.5387000000001,27.5289,3.52889999999999,12.5387,5.54599999999999,8.551,5.55369999999999,13.5537,6.55099999999999,9.54600000000001,8.5387,8.5289,5.4514,3.46069999999999,5.46789999999999,2.4727,9.47540000000002,10.4754,6.47309999999999,6.46839999999999,3.46159999999999,4.45229999999999,23.5289,32.5387,23.5459999999999,23.5509999999999,22.5536999999999,27.5536999999999,23.5509999999999,49.5460000000001,26.5386999999999,23.5289,12.5141,19.5236999999999,18.5308999999999,14.5357,15.5383,19.5381999999999,20.5354999999999,23.5303999999999,17.5230999999999,16.5133,7.4984,19.5078999999999,11.515,11.5198,13.5224,20.5222999999999,9.51960000000001,10.5146,11.5074,7.4977,9.52890000000001,16.5387,14.546,12.551,10.5537,19.5536999999999,17.5509999999999,19.5459999999999,10.5387,12.5289,8.5289,16.5387,13.546,15.551,11.5537,12.5537,9.55100000000001,19.5459999999999,8.5387,12.5289,12.5289,24.5386999999999,18.5459999999999,26.5509999999999,17.5536999999999,27.5536999999999,13.551,25.5459999999999,20.5386999999999,9.52890000000001,6.5289,30.5386999999999,27.5459999999999,30.5509999999999,17.5536999999999,29.5536999999999,23.5509999999999,31.5459999999999,19.5386999999999,18.5289,12.5289,38.5387000000001,36.5460000000001,28.5509999999999,18.5536999999999,29.5536999999999,17.5509999999999,35.5460000000001,25.5386999999999,24.5289,22.5289,34.5387000000001,32.546,30.5509999999999,25.5536999999999,23.5536999999999,29.5509999999999,47.5460000000001,29.5386999999999,29.5289,19.5289,44.5387000000001,30.5459999999999,38.5510000000001,24.5536999999999,35.5537000000001,16.551,45.5460000000001,23.5386999999999,26.5289],[11.2239,8.2314,9.23700000000001,8.24069999999999,10.2427,9.24240000000002,10.24,15.2357,25.2296999999999,10.2216,16.5289,30.5386999999999,27.5459999999999,25.5509999999999,25.5536999999999,29.5536999999999,24.5509999999999,27.5459999999999,19.5386999999999,20.5289,3.46799999999999,9.47720000000001,9.48410000000001,6.48879999999999,6.49129999999999,9.49110000000002,4.48839999999999,9.48350000000001,5.47639999999999,4.46679999999999,30.5289,58.5387000000001,51.5460000000001,47.5510000000001,40.5537000000001,68.5537,46.5510000000001,53.5460000000001,37.5387000000001,33.5289,11.5289,22.5386999999999,21.5459999999999,14.551,14.5537,19.5536999999999,18.5509999999999,23.5459999999999,17.5386999999999,21.5289,9.45170000000001,21.4611999999999,11.4681,20.4729999999999,15.4757,16.4759,13.4733,16.4687,13.4619,9.45280000000001,21.5289,38.5387000000001,39.5460000000001,20.5509999999999,19.5536999999999,39.5537000000001,16.551,35.5460000000001,27.5386999999999,12.5289,7.514,5.52359999999999,18.5306999999999,16.5356,14.5382,9.53810000000002,10.5353,14.5303,11.523,9.51320000000001,4.49859999999999,20.5081999999999,8.5152,7.52009999999999,7.52259999999999,11.5226,8.51979999999999,11.5149,8.5076,7.498,9.52890000000001,28.5386999999999,21.5459999999999,22.5509999999999,10.5537,19.5536999999999,16.551,29.5459999999999,18.5386999999999,11.5289,15.5289,28.5386999999999,27.5459999999999,21.5509999999999,17.5536999999999,13.5537,19.5509999999999,26.5459999999999,16.5387,21.5289,17.5289,30.5386999999999,28.5459999999999,31.5509999999999,20.5536999999999,38.5537000000001,27.5509999999999,49.5460000000001,23.5386999999999,21.5289,12.5289,24.5386999999999,24.5459999999999,29.5509999999999,10.5537,22.5536999999999,19.5509999999999,24.5459999999999,21.5386999999999,14.5289,23.5289,36.5387000000001,22.5459999999999,20.5509999999999,21.5536999999999,25.5536999999999,17.5509999999999,36.5460000000001,21.5386999999999,24.5289,13.5289,26.5386999999999,28.5459999999999,21.5509999999999,14.5537,38.5537000000001,19.5509999999999,29.5459999999999,20.5386999999999,16.5289,21.5289,31.5386999999999,25.5459999999999,30.5509999999999,19.5536999999999,42.5537000000001,21.5509999999999,29.5459999999999,15.5387,16.5289],[4.2215,8.22929999999999,14.2348,13.2385,5.24039999999999,16.2403,15.2378,14.2335,19.2274999999999,6.2195,12.5264,12.5361,23.5432999999999,28.5481999999999,17.5509999999999,24.5509999999999,25.5481999999999,17.5432999999999,7.53609999999999,12.5264,7.4651,9.47440000000001,12.4811,13.4857,8.48819999999998,8.48819999999998,6.48529999999999,11.4805,12.4734,16.4641,23.5264,40.5361000000001,24.5432999999999,38.5482000000001,32.551,42.5510000000001,28.5481999999999,41.5433000000001,31.5360999999999,30.5264,19.5264,18.5360999999999,19.5432999999999,20.5481999999999,18.5509999999999,25.5509999999999,19.5481999999999,23.5432999999999,13.5361,17.5264,7.4497,8.459,9.46600000000001,10.4706,7.47359999999999,12.4736,4.4711,11.4664,4.45989999999999,11.4506,21.5264,36.5361000000001,21.5432999999999,43.5482000000001,29.5509999999999,27.5509999999999,29.5481999999999,48.5433000000001,34.5361000000001,37.5264,12.5114,19.5208999999999,19.5279999999999,17.5326999999999,12.5354,29.5352999999999,22.5324999999999,13.5275,12.5203,15.5106,9.49640000000001,12.5058,13.5129,10.5175,9.52030000000001,21.5200999999999,16.5174,16.5124,8.50539999999999,18.4957,6.5264,14.5361,11.5433,16.5482,21.5509999999999,20.5509999999999,13.5482,12.5433,8.53609999999999,9.52640000000001,10.5264,20.5360999999999,18.5432999999999,20.5481999999999,20.5509999999999,23.5509999999999,11.5482,22.5432999999999,20.5360999999999,14.5264,13.5264,35.5361000000001,20.5432999999999,23.5481999999999,16.551,32.551,22.5481999999999,40.5433000000001,27.5360999999999,19.5264,13.5264,28.5360999999999,23.5432999999999,22.5481999999999,19.5509999999999,24.5509999999999,20.5481999999999,33.5433000000001,21.5360999999999,20.5264,25.5264,39.5361000000001,27.5432999999999,23.5481999999999,28.5509999999999,23.5509999999999,16.5482,34.5433000000001,25.5360999999999,26.5264,18.5264,28.5360999999999,24.5432999999999,25.5481999999999,18.5509999999999,24.5509999999999,27.5481999999999,24.5432999999999,25.5360999999999,13.5264,13.5264,26.5360999999999,25.5432999999999,25.5481999999999,14.551,24.5509999999999,18.5481999999999,34.5433000000001,16.5361,14.5264],[3.2174,4.22519999999999,2.2306,2.2343,2.2362,3.23609999999999,8.23359999999999,5.22949999999999,2.2234,5.2154,19.5215,22.5311999999999,24.5383999999999,28.5432999999999,26.5459999999999,27.5459999999999,17.5432999999999,33.5384000000001,19.5311999999999,10.5215,8.46,17.4692,11.4761,8.48049999999999,12.4831,16.4829,10.4803,12.4753,9.46840000000001,7.4589,30.5215,43.5312,27.5383999999999,38.5433000000001,38.5460000000001,44.5460000000001,28.5432999999999,65.5383999999999,33.5312,25.5215,12.5215,16.5312,12.5384,11.5433,12.546,12.546,9.54330000000001,16.5384,16.5312,12.5215,5.4453,3.45469999999999,4.46149999999999,7.46639999999999,6.46899999999999,8.46929999999998,8.46659999999999,3.46219999999999,4.4553,3.4463,17.5215,25.5311999999999,14.5384,26.5432999999999,22.5459999999999,29.5459999999999,19.5432999999999,24.5383999999999,23.5311999999999,11.5215,11.5064,13.516,10.523,12.5278,12.5303,16.5303,12.5275,10.5226,7.5153,8.5057,5.4918,12.5012,7.50819999999999,8.51299999999999,4.51549999999999,10.5155,3.51269999999999,11.5079,4.50069999999999,6.4912,16.5215,25.5311999999999,28.5383999999999,38.5433000000001,20.5459999999999,32.546,26.5432999999999,34.5384000000001,20.5311999999999,21.5215,11.5215,18.5311999999999,25.5383999999999,26.5432999999999,18.5459999999999,22.5459999999999,13.5433,23.5383999999999,20.5311999999999,12.5215,18.5215,38.5312,31.5383999999999,30.5432999999999,19.5459999999999,43.5460000000001,23.5432999999999,49.5384000000001,26.5311999999999,25.5215,21.5215,31.5311999999999,18.5383999999999,23.5432999999999,23.5459999999999,38.5460000000001,25.5432999999999,36.5384000000001,19.5311999999999,21.5215,18.5215,37.5312,26.5383999999999,32.5433,25.5459999999999,31.5459999999999,19.5432999999999,21.5383999999999,25.5311999999999,28.5215,16.5215,31.5311999999999,28.5383999999999,27.5432999999999,19.5459999999999,27.5459999999999,23.5432999999999,35.5384000000001,31.5311999999999,25.5215,10.5215,40.5312,26.5383999999999,24.5432999999999,27.5459999999999,28.5459999999999,17.5432999999999,47.5384000000001,27.5311999999999,22.5215],[1.2274,4.219,1.2405,4.2281,6.23009999999999,2.2298,5.22749999999999,2.2233,4.2173,1.2252,15.5143,27.524,19.5311999999999,16.5361,18.5386999999999,19.5386999999999,7.53609999999999,19.5311999999999,23.524,9.51430000000001,2.4526,10.4619,14.4686,12.4732,4.47549999999999,13.4755,7.4728,8.468,9.46090000000001,8.4516,28.5143,46.524,43.5312,46.5361000000001,40.5387000000001,69.5387,29.5360999999999,78.5312,49.524,34.5143,17.5143,19.524,23.5311999999999,21.5360999999999,18.5386999999999,28.5386999999999,18.5360999999999,30.5311999999999,14.524,11.5143,8.4388,11.448,5.4551,11.4598,4.46239999999999,13.4624,3.46019999999999,12.4556,8.4488,9.43970000000001,17.5143,32.5239999999999,22.5311999999999,22.5360999999999,15.5387,29.5386999999999,23.5360999999999,18.5311999999999,21.524,22.5143,15.4992,27.5087,17.5157999999999,18.5204999999999,15.523,30.5228999999999,14.5203,27.5153,8.5081,10.4984,6.485,16.4944,13.5014,12.5061,11.5086,17.5084999999999,13.5059,23.5009999999999,13.4939,6.4843,19.5143,35.524,11.5312,25.5360999999999,12.5387,16.5387,16.5361,26.5311999999999,21.524,13.5143,11.5143,23.524,17.5311999999999,9.53610000000001,11.5387,18.5386999999999,13.5361,17.5311999999999,14.524,14.5143,13.5143,42.524,26.5311999999999,31.5360999999999,18.5386999999999,40.5387000000001,24.5360999999999,40.5312,20.524,24.5143,12.5143,28.524,17.5311999999999,27.5360999999999,21.5386999999999,29.5386999999999,21.5360999999999,40.5312,18.524,28.5143,16.5143,33.524,22.5311999999999,21.5360999999999,24.5386999999999,17.5386999999999,26.5360999999999,34.5312,25.524,17.5143,6.5143,25.524,20.5311999999999,29.5360999999999,14.5387,33.5387000000001,15.5361,23.5311999999999,17.524,8.5143,9.51430000000001,31.524,15.5312,15.5361,22.5386999999999,30.5386999999999,24.5360999999999,15.5312,16.524,15.5143],[1.2194,2.2108,1.2323,1.2361,1.2379,3.2216,1.2352,1.2312,1.2252,1.2172,13.5047,14.5143,17.5215,23.5264,13.5289,20.5289,12.5264,10.5215,9.51430000000001,10.5047,4.443,3.452,3.4588,1.4793,1.4816,2.4655,2.463,1.4741,2.4512,1.4577,24.5047,64.5143,35.5215,39.5264,29.5289,55.5289,36.5264,50.5215,38.5143,38.5047,8.5047,13.5143,13.5215,11.5264,14.5289,11.5289,8.5264,13.5215,5.5143,6.5047,2.4299,6.4391,2.4461,4.4509,1.4692,2.4534,7.45119999999999,4.4467,2.4399,4.4309,12.5047,19.5143,22.5215,28.5264,26.5289,32.5288999999999,19.5264,31.5215,22.5143,21.5047,5.4896,12.499,7.506,10.5108,7.5132,7.5131,6.5105,5.5056,1.5143,2.4888,8.4758,10.4851,7.4921,8.4968,4.4992,3.49909999999999,8.4966,7.4917,10.4846,9.47510000000001,9.50470000000001,17.5143,9.52150000000001,17.5264,5.5289,20.5289,9.52640000000001,8.5215,8.5143,5.5047,2.5047,11.5143,8.5215,12.5264,9.52890000000001,10.5289,13.5264,8.5215,5.5143,5.5047,18.5047,30.5143,22.5215,23.5264,17.5289,19.5289,13.5264,26.5215,18.5143,15.5047,22.5047,33.5143,21.5215,39.5264,24.5289,26.5289,21.5264,24.5215,20.5143,18.5047,7.5047,17.5143,14.5215,16.5264,11.5289,12.5289,7.5264,19.5215,13.5143,5.5047,7.5047,25.5143,19.5215,16.5264,6.5289,14.5289,14.5264,12.5215,14.5143,7.5047,12.5047,28.5143,16.5215,20.5264,20.5289,20.5289,24.5264,15.5215,16.5143,12.5047],[1.0243,1.0304,1.0348,1.0376,1.0387,1.0382,1.0359,1.0324,1.0269,1.0199,9.44690000000001,9.45570000000001,6.4622,3.4664,6.4684,3.46799999999999,7.4651,8.46,2.4526,4.443,4.3235,3.332,1.3541,4.34259999999999,1.3605,2.3446,3.3423,5.3381,5.3316,2.3231,8.50470000000001,22.5143,14.5215,12.5264,10.5289,10.5289,15.5264,19.5215,13.5143,7.5047,2.4611,7.4701,4.47689999999999,6.4812,7.4834,2.483,4.48029999999999,10.4751,2.4679,2.4582,1.1275,1.1345,1.1395,1.1428,2.1286,1.1443,3.1262,3.1223,1.1325,1.1253,4.5047,18.5143,10.5215,11.5264,13.5289,6.5289,9.52640000000001,9.52150000000001,8.5143,5.5047,2.3853,7.3942,2.4011,8.40550000000001,4.40799999999999,7.408,6.4059,7.4014,4.3948,4.386,1.2778,1.2856,1.2913,3.2792,2.2812,1.2969,1.2946,1.2902,1.2839,1.2757,2.4907,7.5001,3.50719999999999,4.51189999999999,3.51429999999999,4.51419999999999,10.5116,4.5066,4.4994,3.4898,3.4162,9.42500000000001,5.4317,6.436,9.43820000000001,6.438,9.43540000000001,11.4305,5.4235,3.4143,6.4317,14.4403,9.44660000000001,16.4508,11.4525,14.452,12.449,15.4439,8.4364,4.4268,8.49070000000001,19.5001,9.50720000000001,17.5119,7.5143,11.5142,17.5116,26.5066,15.4994,3.4898,6.4756,11.4848,6.4917,16.4963,10.4985,12.4983,9.49560000000001,14.4906,6.4833,4.4737,6.462,12.471,9.47780000000001,17.4822,8.48440000000001,10.484,10.4813,17.4761,11.4689,2.4592,3.4758,10.485,5.4919,6.4964,6.4987,3.49849999999999,10.4958,7.4907,7.4835,5.4739],[4.0152,5.0212,3.0256,3.0283,4.02969999999999,4.0291,5.027,4.023,1.0337,1.0264,6.4559,15.4648,10.4714,11.4757,9.47780000000001,9.47720000000001,9.47440000000001,17.4692,10.4619,3.452,3.332,12.3404,4.3469,7.35099999999999,4.3533,4.3531,6.351,10.3465,4.3402,2.3315,11.5143,19.524,17.5311999999999,22.5360999999999,21.5386999999999,12.5387,16.5361,23.5311999999999,16.524,2.5143,5.4704,10.4795,4.48619999999999,10.4907,13.4928,5.49249999999999,13.4896,12.4846,10.4772,3.4675,1.1351,1.1421,2.1312,1.1505,1.1522,1.1519,4.1337,2.13,1.1402,2.1169,5.5143,18.524,7.5312,15.5361,11.5387,8.53870000000001,12.5361,14.5312,15.524,4.5143,1.4098,6.4029,6.40939999999999,4.41419999999999,5.41669999999999,4.41669999999999,6.41429999999999,5.4101,3.4034,2.3945,3.2705,4.2785,4.2842,7.2883,3.29009999999999,2.29,2.2875,3.28329999999999,7.2768,1.2844,8.50010000000001,14.5096,10.5167,20.5213999999999,15.5239,12.5238,12.5211,21.5160999999999,13.5089,4.4992,1.441,9.43400000000001,3.44059999999999,5.44499999999999,3.44729999999999,10.447,5.44429999999999,6.4396,5.4325,2.4231,5.4408,15.4495,8.4559,17.4598999999999,8.46190000000001,8.4613,7.4583,15.453,8.4457,1.4518,4.5001,12.5096,9.51670000000001,10.5214,9.52390000000001,8.52380000000001,11.5211,14.5161,7.5089,2.4992,7.4851,9.49440000000001,13.5012,5.50569999999999,8.50810000000001,4.50789999999999,7.50509999999999,8.5001,5.4928,1.499,5.4712,14.4803,6.487,15.4914,10.4936,10.4933,11.4904,11.4854,8.478,2.4683,6.4852,17.4945,8.5013,20.5058999999999,10.5082,6.50799999999999,9.50520000000001,25.5002999999999,14.4929,6.4832],[1.036,5.0262,3.0306,4.03349999999999,2.0346,4.03419999999999,4.03189999999999,4.0282,3.0226,1.0316,6.4628,15.4717,6.47819999999999,11.4825,14.4846,9.48410000000001,12.4811,11.4761,14.4686,3.4588,1.3541,4.3469,9.35300000000001,3.35749999999999,5.35959999999999,4.35969999999999,3.35709999999999,6.35299999999999,4.3463,1.3537,11.5215,38.5312,9.53840000000001,25.5432999999999,21.5459999999999,19.5459999999999,18.5432999999999,30.5383999999999,24.5311999999999,4.5215,4.4774,3.48649999999999,7.49319999999999,8.4975,6.49989999999999,7.49949999999999,7.49659999999999,11.4915,7.4842,1.4903,2.1249,7.132,5.13719999999999,7.14059999999999,5.14219999999999,2.1418,7.13979999999999,9.1359,6.1301,2.1225,11.5215,22.5311999999999,11.5384,24.5432999999999,26.5459999999999,14.546,14.5433,33.5384000000001,13.5312,8.5215,4.4002,16.4091,8.416,14.4204,4.42309999999999,6.42299999999999,9.42080000000001,9.41620000000001,6.4097,1.4167,4.2772,8.2851,3.29119999999999,4.29499999999999,4.2969,3.29659999999999,4.2943,4.29,8.2836,2.2751,4.5072,11.5167,5.52369999999999,12.5284,8.53100000000001,10.5309,10.5281,13.5232,11.5159,2.5062,5.4317,13.4406,6.44729999999999,5.45159999999999,6.45399999999999,4.45359999999999,9.45100000000001,11.4462,6.4392,3.4297,5.4477,17.4563999999999,15.4627,17.4668999999999,13.4688,10.4682,19.4650999999999,15.4601,12.4525,4.4427,5.5072,11.5167,7.52369999999999,23.5283999999999,9.53100000000001,5.53089999999999,12.5281,20.5231999999999,15.5159,4.5062,7.4921,20.5013999999999,9.50820000000001,12.5129,11.5153,13.515,16.5122,19.5071999999999,9.49990000000001,2.4901,7.478,16.4871,7.49369999999999,23.4980999999999,9.50050000000001,15.5001,21.4971999999999,23.4920999999999,13.4848,5.475,6.4921,6.50139999999999,7.50829999999999,16.5129,5.51539999999999,8.51500000000001,10.5123,19.5071999999999,6.5,4.4901],[1.0393,5.02949999999999,3.034,1.0526,2.0381,2.0375,2.0353,2.0313,2.026,1.0348,7.4674,16.4763,5.48269999999999,11.487,12.4893,6.48879999999999,13.4857,8.4805,12.4732,1.4793,4.34259999999999,7.35099999999999,3.35749999999999,10.3616,4.36409999999999,4.36389999999999,2.3616,5.35709999999999,6.35079999999999,1.3579,9.52640000000001,15.5361,8.5433,20.5481999999999,12.551,10.551,10.5482,17.5432999999999,16.5361,2.5264,5.4821,10.4912,7.49779999999999,12.5024,3.50469999999999,7.50429999999999,3.50129999999999,6.49629999999999,6.48889999999999,2.4791,2.129,2.136,4.1412,10.1448,4.14619999999999,5.14599999999999,6.14379999999999,2.14,4.13409999999999,3.1265,6.5264,12.5361,5.54329999999999,22.5481999999999,14.551,12.551,16.5482,16.5433,12.5361,4.52639999999999,4.40419999999999,10.4136,7.41999999999999,7.42489999999999,9.42710000000002,6.42759999999999,10.4248,8.4206,8.4137,2.4049,1.2978,5.2898,3.29559999999999,4.29959999999999,3.30169999999999,4.30139999999999,3.29879999999999,4.29449999999999,1.3042,2.