[[0.2887,0.2891,0.2896,0.2898,0.2898,0.2898,0.2897,0.2895,0.2891,0.2886,0.5246,2.51860000000001,4.51919999999998,2.51950000000001,7.51969999999998,10.5197000000001,3.51950000000001,2.51920000000001,0.5252,0.5244,0.4395,3.43370000000001,0.4407,0.441,3.43450000000001,1.4346,3.43440000000001,0.4407,1.4336,0.4394,1.5308,6.53149999999998,6.53209999999998,8.53250000000005,15.5326000000001,17.5325999999999,13.5325000000001,9.53230000000005,5.53179999999998,0.5376,0.531,2.52520000000001,2.52570000000001,1.526,4.52609999999998,3.52600000000001,3.52580000000001,1.5254,1.5249,0.5308,0.3539,0.3544,1.3483,0.355,0.3549,0.3549,0.3549,1.348,0.3543,0.3539,0.5506,1.5448,12.5454000000001,5.54569999999998,4.54579999999998,18.5457999999999,12.5456000000001,8.54530000000006,1.5447,2.54390000000001,0.4985,1.4927,1.4931,2.49340000000001,4.49359999999998,2.49350000000001,3.49320000000001,2.49280000000001,2.49230000000001,0.4982,0.3932,0.3937,1.3875,0.3944,0.3946,0.3945,1.3878,0.3942,0.3938,0.3933,1.4983,1.499,2.49950000000001,2.49980000000001,3.49990000000001,6.49989999999998,1.4998,1.4995,2.49890000000001,0.5047,0.4918,0.4926,5.48629999999998,2.48650000000001,4.48659999999998,8.48660000000005,3.48650000000001,3.48620000000001,5.48569999999999,0.4916,0.5243,3.51850000000001,7.51899999999998,8.51930000000005,7.51939999999998,16.5193999999999,11.5193000000001,5.51889999999998,6.51849999999998,0.5243,1.5442,2.54500000000001,8.54550000000006,6.54569999999998,10.5458000000001,20.5456999999999,17.5455999999999,5.54509999999998,6.54449999999998,0.5503,2.55710000000001,2.55790000000001,11.5585000000001,7.55899999999998,16.5591999999999,7.55929999999998,16.5589999999999,5.55859999999998,1.5579,0.5637,0.4985,3.49260000000001,3.49300000000001,2.49330000000001,5.49329999999998,11.4933,12.4932,1.4929,3.49230000000001,0.4981,1.5048,0.5122,5.50609999999998,1.5064,6.50639999999998,2.50630000000001,4.50619999999998,4.50589999999998,1.5052,0.5111],[0.2891,3.28300000000001,0.2901,1.2836,0.2901,0.2901,2.28350000000001,1.2832,1.2831,1.2825,4.51869999999998,3.51940000000001,8.52000000000005,4.52039999999998,8.52050000000005,7.52049999999998,7.52039999999998,3.52000000000001,3.51940000000001,1.5185,0.4401,4.43429999999998,4.43479999999998,4.43509999999998,8.43530000000004,4.43529999999998,6.43509999999998,2.43480000000001,2.43430000000001,0.44,0.5381,7.53229999999998,13.5330000000001,9.53330000000005,19.5333999999999,35.5334999999999,25.5333999999999,1.5331,0.5391,0.5383,0.5317,6.52599999999998,4.52649999999998,2.52680000000001,9.52690000000005,10.5269000000001,7.52669999999998,4.52629999999998,8.52570000000005,0.5314,0.3545,0.3552,0.3554,1.349,0.3556,2.34900000000001,2.34880000000001,0.3552,0.3549,0.3544,1.5447,3.54560000000001,10.5462000000001,6.54649999999998,13.5466000000001,14.5466000000001,10.5465000000001,6.54609999999998,2.54550000000001,0.5512,0.4993,0.5002,7.49399999999998,0.5009,4.49429999999998,3.49420000000001,3.49400000000001,1.4936,1.493,0.4988,0.3938,0.3944,3.38830000000001,4.38849999999999,1.3886,2.38860000000001,3.38860000000001,3.38830000000001,0.3945,0.394,0.5056,4.49979999999998,11.5003,5.50059999999998,12.5006,12.5006,10.5005,4.50029999999998,0.5063,0.5054,0.4924,3.48660000000001,4.48689999999998,3.48720000000001,3.48740000000001,8.48740000000005,5.48729999999998,1.487,2.48650000000001,0.4923,0.5251,3.51940000000001,6.51989999999998,4.52009999999998,7.52019999999998,18.5201999999999,11.5201000000001,0.5263,3.51920000000001,0.525,0.5515,1.5458,3.54620000000001,4.54649999999998,10.5466000000001,14.5466000000001,9.54640000000005,4.54599999999998,6.54529999999998,0.551,0.5645,1.5588,3.55950000000001,4.55979999999998,9.55990000000005,2.55990000000001,9.55990000000005,2.55940000000001,4.55869999999998,0.5644,0.4991,4.49319999999998,6.49369999999998,5.49389999999998,5.49409999999998,9.49410000000005,8.49390000000005,3.49360000000001,0.4996,0.4987,2.50560000000001,3.50650000000001,8.50700000000005,17.5069999999999,13.5071,16.5070999999999,8.50700000000005,9.50670000000005,2.50600000000001,0.5118],[0.2896,0.2901,6.28369999999999,0.2903,3.28370000000001,2.28370000000001,2.28360000000001,1.2835,0.2899,0.2894,1.5193,2.52010000000001,5.52069999999998,2.52110000000001,6.52129999999998,8.52130000000005,13.5211,1.5207,0.5266,0.5257,0.4406,2.43480000000001,2.43530000000001,2.43550000000001,5.43559999999998,4.43559999999998,2.43560000000001,3.43530000000001,1.4349,0.4405,0.5388,5.53309999999998,16.5337999999999,8.53410000000005,28.5342999999999,28.5342999999999,28.5341999999999,11.5339000000001,4.53329999999998,1.5324,0.5324,4.52679999999998,2.52730000000001,1.5276,2.52770000000001,6.52769999999998,3.52760000000001,1.5271,2.52650000000001,0.5321,0.3551,3.34910000000001,7.34939999999999,1.3496,5.34969999999999,6.34959999999999,5.34939999999999,0.3558,1.3488,0.3548,0.5521,6.54649999999998,14.5471000000001,11.5473000000001,16.5473999999999,16.5473999999999,19.5472999999999,4.54689999999998,8.54630000000005,0.5519,0.4999,4.49419999999998,1.4947,4.49479999999998,3.49490000000001,6.49479999999998,5.49459999999998,1.4941,2.49360000000001,0.4994,0.3944,0.395,0.3954,2.38910000000001,1.3893,2.38920000000001,3.38920000000001,1.389,0.3951,0.3945,0.5063,2.50060000000001,3.50110000000001,4.50129999999998,9.50140000000005,9.50130000000005,9.50120000000005,2.50090000000001,2.50040000000001,0.506,0.4931,1.4873,2.48770000000001,2.48800000000001,5.48809999999998,6.48809999999998,4.48809999999998,3.48780000000001,1.4873,0.493,0.5258,6.52019999999998,14.5207,4.52099999999998,16.5210999999999,25.5209999999999,18.5208999999999,4.52059999999998,2.52000000000001,0.5257,0.5523,1.5467,4.54709999999998,3.54730000000001,13.5474000000001,22.5473999999999,17.5472999999999,8.54690000000005,3.54610000000001,0.5517,2.55860000000001,5.55959999999998,8.56040000000005,9.56070000000005,10.5608000000001,14.5607000000001,14.5605000000001,4.56019999999998,2.55940000000001,2.55840000000001,1.4932,4.49399999999998,13.4944,5.49469999999998,16.4946999999999,26.4946999999999,26.4946999999999,6.49439999999998,3.49380000000001,0.4994,0.5129,8.50730000000005,7.50759999999998,3.50790000000001,26.5079999999999,15.5078,10.5077,7.50739999999998,3.50670000000001,0.5124],[0.2898,1.2836,0.2903,3.28380000000001,0.2904,2.28380000000001,2.28370000000001,0.2902,0.29,0.2896,0.5263,6.52059999999998,2.52120000000001,5.52139999999998,5.52139999999998,7.52139999999998,12.5214,1.5212,3.52040000000001,0.5261,0.4409,2.43510000000001,3.43550000000001,0.4422,4.43559999999998,1.4356,3.43560000000001,2.43560000000001,1.4352,0.4409,0.5392,0.5401,6.53419999999998,2.53450000000001,10.5346,6.53459999999998,10.5345,4.53419999999998,1.5337,1.5328,2.52620000000001,4.52719999999998,2.52770000000001,6.52789999999998,5.52799999999998,8.52800000000005,7.52789999999998,4.52759999999998,4.52689999999998,0.5325,0.3554,1.3495,1.3497,0.3563,5.34969999999999,6.34979999999999,5.34979999999999,1.3496,1.3493,0.3551,0.5525,3.54690000000001,7.54739999999998,5.54769999999998,18.5477999999999,17.5476999999999,17.5475999999999,2.54740000000001,4.54669999999998,0.5523,1.4937,2.49450000000001,7.49479999999998,5.49499999999998,9.49500000000005,8.49500000000005,6.49489999999998,3.49460000000001,2.49390000000001,0.4996,0.3948,1.3888,1.3892,0.3959,4.38939999999998,2.38940000000001,3.38940000000001,1.3892,2.38900000000001,0.3949,0.5067,3.50100000000001,5.50139999999998,2.50150000000001,10.5016,9.50160000000005,9.50150000000005,7.50119999999998,3.50080000000001,0.5064,0.4935,2.48760000000001,1.4881,4.48829999999998,5.48839999999998,7.48839999999998,7.48829999999998,4.48819999999998,0.4944,0.4934,0.5262,0.5272,3.52110000000001,2.52130000000001,4.52139999999998,6.52139999999998,4.52119999999998,6.52099999999998,1.5204,0.5261,2.54610000000001,1.547,7.54749999999998,5.54769999999998,8.54780000000005,9.54770000000005,12.5476000000001,5.54719999999998,1.5465,0.5521,0.5656,5.55999999999998,12.5607000000001,3.56100000000001,5.56099999999998,10.5610000000001,11.5608000000001,2.56050000000001,3.55980000000001,1.5588,0.5002,1.4944,6.49479999999998,5.49489999999998,13.495,18.4949999999999,22.4948999999999,3.49480000000001,0.5008,0.4998,0.5133,3.50760000000001,7.50799999999998,1.5081,14.5082,14.5082,10.508,2.50770000000001,1.5072,0.5128],[0.2898,0.2901,3.28370000000001,0.2904,2.28380000000001,5.28379999999999,6.28379999999999,2.28370000000001,2.28340000000001,0.2897,0.5265,0.5274,2.52130000000001,5.52139999999998,3.52140000000001,9.52140000000005,4.52139999999998,1.5213,5.52059999999998,0.5263,0.441,3.43530000000001,1.4356,1.4356,7.43559999999998,5.43559999999998,7.43559999999998,2.43560000000001,3.43530000000001,0.4411,0.5394,6.53379999999998,10.5344,10.5346,18.5345999999999,13.5346,26.5345999999999,10.5344,4.53389999999998,0.5396,0.533,1.5274,3.52790000000001,2.52800000000001,1.528,4.52799999999998,0.5346,2.52790000000001,1.5271,0.5327,0.3556,0.3563,0.3563,1.3497,1.3498,1.3498,5.34979999999999,1.3498,1.3495,0.3554,0.5527,2.54710000000001,10.5476000000001,6.54779999999998,15.5478000000001,17.5477999999999,16.5476999999999,3.54750000000001,1.5469,0.5525,0.5004,2.49450000000001,3.49500000000001,2.49500000000001,7.49499999999998,9.49500000000005,10.495,4.49489999999998,0.5008,0.4998,0.395,0.3957,5.38929999999998,1.3894,9.38940000000004,7.38939999999998,9.38940000000004,1.3894,1.3892,0.3951,0.5069,3.50130000000001,2.50150000000001,4.50159999999998,5.50159999999998,2.50160000000001,8.50160000000005,7.50139999999998,1.5009,0.5066,0.4937,1.4878,4.48829999999998,1.4884,8.48840000000004,5.48839999999998,6.48839999999998,2.48830000000001,0.4946,0.4936,1.5199,1.5208,5.52129999999998,6.52139999999998,5.52139999999998,15.5214,10.5214,2.52120000000001,1.5206,0.5263,1.5463,2.54720000000001,9.54770000000005,2.54780000000001,10.5478000000001,21.5477999999999,17.5476999999999,3.54750000000001,2.54670000000001,0.5523,1.5592,2.56020000000001,6.56099999999998,2.56100000000001,9.56100000000005,10.5610000000001,8.56100000000005,2.56070000000001,2.56000000000001,1.559,0.5004,4.49459999999998,10.4949,5.49499999999998,10.495,20.4949999999999,19.4949999999999,3.49490000000001,1.4944,0.5,0.5135,2.50770000000001,3.50810000000001,0.5148,14.5082,8.50820000000005,13.5082,4.50779999999998,2.50740000000001,0.513],[0.2898,0.2901,2.28370000000001,2.28380000000001,5.28379999999999,5.28379999999999,4.28379999999999,1.2838,0.2901,0.2897,1.5199,1.5209,5.52129999999998,9.52140000000005,7.52139999999998,8.52140000000005,15.5214,2.52110000000001,1.5206,2.51970000000001,0.441,3.43520000000001,3.43550000000001,1.4356,2.43560000000001,4.43559999999998,1.4356,0.4421,2.43530000000001,0.4411,0.5394,5.53379999999998,12.5344,5.53459999999998,14.5346,22.5345999999999,29.5344999999999,7.53439999999998,5.53389999999998,0.5396,1.5264,4.52739999999998,4.52789999999998,0.5346,6.52799999999998,7.52799999999998,8.52800000000005,5.52789999999998,3.52710000000001,0.5327,0.3558,3.34950000000001,2.34970000000001,3.34980000000001,4.34979999999999,2.34980000000001,5.34979999999999,2.34980000000001,0.3561,0.3555,1.5461,2.54710000000001,6.54759999999998,3.54770000000001,13.5478000000001,8.54780000000005,12.5478000000001,8.54750000000005,2.54690000000001,0.5525,1.4937,1.4944,2.49490000000001,2.49500000000001,6.49499999999998,4.49499999999998,5.49499999999998,2.49480000000001,3.49420000000001,1.4932,0.3949,1.3892,1.3894,1.3894,0.396,3.38940000000001,4.38939999999998,1.3894,1.3892,0.3952,0.5069,3.50110000000001,4.50149999999998,3.50160000000001,5.50159999999998,10.5016,12.5015,2.50140000000001,1.5009,0.5066,0.4937,3.48780000000001,6.48829999999998,5.48839999999998,8.48840000000004,10.4884,6.48839999999998,5.48839999999998,0.4946,0.4936,0.5265,3.52080000000001,13.5213,6.52139999999998,11.5214,8.52140000000005,12.5214,2.52120000000001,2.52060000000001,0.5263,0.5529,2.54720000000001,3.54770000000001,5.54779999999998,9.54780000000005,12.5478000000001,9.54770000000005,5.54749999999998,0.5533,0.5523,1.5592,2.56010000000001,8.56080000000005,2.56100000000001,11.5610000000001,7.56099999999998,13.5609000000001,1.56059999999999,1.55989999999999,0.5656,0.5004,2.49460000000001,7.49489999999998,6.49499999999998,7.49499999999998,13.495,20.4949999999999,2.49480000000001,1.4944,0.5,0.5134,2.50760000000001,3.50810000000001,5.50819999999998,11.5082,4.50819999999998,14.5081,4.50789999999998,2.50740000000001,0.513],[0.2897,2.28350000000001,2.28360000000001,2.28370000000001,6.28379999999999,4.28379999999999,7.28379999999999,1.2837,0.2901,0.2896,0.5263,2.52070000000001,3.52110000000001,4.52129999999998,11.5214,9.52140000000005,14.5212,7.52089999999998,4.52039999999998,0.5261,0.4408,4.43489999999998,3.43540000000001,1.4355,5.43559999999998,7.43559999999998,3.43550000000001,1.4354,1.4351,1.4343,0.5392,4.53359999999998,12.5342,6.53449999999998,12.5346,21.5344999999999,9.53440000000005,5.53419999999998,2.53380000000001,0.5394,1.5262,3.52720000000001,9.52770000000005,4.52789999999998,11.528,5.52799999999998,13.5279,3.52760000000001,2.52690000000001,0.5325,0.3557,0.356,1.3496,0.3564,3.34980000000001,4.34979999999999,6.34979999999999,0.3563,0.3561,0.3554,0.5525,7.54689999999998,9.54740000000005,3.54760000000001,19.5476999999999,16.5477999999999,8.54760000000005,8.54730000000005,2.54670000000001,0.5523,1.4934,2.49420000000001,5.49469999999998,3.49490000000001,9.49500000000005,8.49500000000005,10.4949,3.49470000000001,1.494,0.4997,0.3948,5.38899999999998,6.38939999999998,2.38940000000001,9.38940000000004,7.38939999999998,10.3894,2.38930000000001,1.3891,0.3951,0.5067,0.5075,4.50139999999998,4.50149999999998,8.50160000000005,8.50150000000005,8.50140000000005,1.5012,5.50069999999998,0.5064,0.4935,2.48770000000001,7.48809999999998,2.48830000000001,11.4884,6.48839999999998,10.4884,2.48820000000001,1.4877,0.4934,0.5263,4.52069999999998,8.52110000000005,2.52130000000001,9.52140000000005,14.5214,17.5212999999999,6.52109999999998,1.5205,0.5261,1.5461,4.54699999999998,6.54749999999998,13.5477000000001,16.5477999999999,14.5477000000001,11.5476000000001,3.54720000000001,3.54650000000001,0.5521,0.5656,2.55990000000001,5.56049999999998,3.56090000000001,12.5610000000001,14.5609000000001,10.5608000000001,6.56049999999998,2.55970000000001,1.5588,0.5002,4.49439999999998,7.49479999999998,4.49489999999998,11.495,10.495,5.49489999999998,4.49459999999998,0.5007,0.4998,0.5132,3.50740000000001,5.50789999999998,7.50809999999998,4.50819999999998,11.5081,9.50800000000005,1.5078,0.5138,0.5128],[0.2895,1.2832,1.2835,0.2902,2.28370000000001,1.2838,1.2837,1.2837,0.29,0.2895,0.5259,3.52020000000001,6.52079999999998,8.52100000000005,13.5211,14.5211,13.5208,4.52049999999998,1.52,0.5257,0.4404,3.43440000000001,3.43500000000001,1.4353,4.43539999999998,10.4354,4.43539999999998,1.4351,0.4412,0.4404,0.5388,3.53320000000001,7.53379999999998,5.53409999999998,18.5341999999999,17.5341999999999,30.5340999999999,4.53379999999998,1.5334,1.5324,0.5324,2.52680000000001,1.5273,5.52759999999998,5.52769999999998,9.52770000000005,3.52760000000001,2.52720000000001,2.52650000000001,0.5321,0.3554,1.3492,2.34960000000001,0.3563,1.3497,4.34969999999999,0.3563,1.3496,0.3559,0.3554,0.5521,5.54649999999998,7.54699999999998,6.54729999999998,8.54740000000005,11.5473000000001,5.54719999999998,3.54700000000001,2.54630000000001,0.5519,0.4996,1.4938,2.49430000000001,3.49460000000001,6.49469999999998,6.49469999999998,9.49470000000005,4.49429999999998,0.5002,0.4993,0.3945,0.3954,2.38920000000001,2.38930000000001,0.396,3.38930000000001,4.38929999999998,0.3958,2.38900000000001,0.3948,0.5062,4.50049999999998,9.50100000000005,5.50119999999998,12.5012,14.5012,10.5011,6.50079999999998,0.5069,0.506,0.4931,1.4874,7.48769999999998,2.48800000000001,5.48819999999998,9.48820000000005,7.48809999999998,2.48780000000001,1.4873,0.493,0.5259,3.52030000000001,12.5208,4.52099999999998,10.5211,11.5211,20.5209999999999,5.52059999999998,3.52010000000001,0.5257,0.5523,6.54659999999998,6.54709999999998,6.54729999999998,15.5474000000001,14.5474000000001,11.5473000000001,5.54679999999998,3.54610000000001,0.5517,0.5652,0.566,3.56000000000001,4.56039999999998,5.56059999999998,14.5606000000001,15.5604000000001,1.55999999999999,0.5659,0.565,0.4998,2.49400000000001,8.49440000000005,3.49470000000001,22.4946999999999,8.49470000000005,8.49450000000005,7.49419999999998,4.49369999999998,0.4994,0.5127,1.507,3.50750000000001,7.50769999999998,9.50790000000005,12.5078,9.50770000000005,0.514,5.50679999999998,0.5124],[0.2891,1.2831,0.2899,0.29,2.28340000000001,0.2901,0.2901,0.29,6.28339999999999,0.2891,0.5252,3.51940000000001,4.51989999999998,4.52019999999998,6.52019999999998,24.5200999999999,18.5199999999999,1.5197,3.51930000000001,0.5251,0.4399,0.4404,2.43440000000001,1.4347,6.43479999999998,6.43479999999998,6.43469999999998,2.43440000000001,0.4405,0.4399,0.538,3.53230000000001,9.53290000000005,7.53319999999998,17.5333999999999,17.5334999999999,26.5332999999999,4.53309999999998,4.53259999999998,0.5383,0.5317,1.526,7.52649999999998,5.52679999999998,4.52689999999998,10.5269000000001,12.5267000000001,5.52629999999998,2.52570000000001,0.5314,0.3549,3.34880000000001,4.34919999999999,2.34940000000001,1.3496,3.34960000000001,4.34939999999999,2.34920000000001,0.3554,0.3549,0.5514,1.5457,9.54620000000005,1.5464,7.54649999999998,7.54649999999998,10.5464000000001,7.54599999999998,1.5454,0.5511,1.4924,4.49299999999998,4.49339999999998,2.49380000000001,10.494,9.49400000000005,6.49389999999998,0.5001,1.4928,0.4986,0.3939,2.38820000000001,1.3887,7.38899999999998,7.38909999999998,8.38910000000004,6.38899999999998,1.3888,1.3884,0.3944,0.5054,4.49959999999998,4.50009999999998,3.50040000000001,7.50049999999998,11.5005,6.50029999999998,3.50000000000001,1.4995,0.5053,0.4925,0.4934,3.48710000000001,4.48729999999998,2.48740000000001,3.48740000000001,4.48729999999998,2.48700000000001,2.48650000000001,0.4923,1.5186,1.5195,9.52000000000005,5.52029999999998,22.5203999999999,15.5203000000001,11.5202000000001,1.5199,1.5193,0.525,0.5515,3.54580000000001,4.54619999999998,4.54649999999998,10.5466000000001,15.5466000000001,11.5464000000001,4.54599999999998,2.54530000000001,0.551,2.55780000000001,3.55850000000001,3.55910000000001,1.5595,7.55969999999998,10.5597000000001,7.55959999999998,2.55910000000001,4.55849999999998,0.564299999999999,0.4991,0.4998,4.49369999999998,6.49389999999998,9.49400000000005,13.4939,5.49369999999998,2.49340000000001,0.4995,0.4987,1.5054,1.5062,7.50669999999998,3.50690000000001,10.507,5.50699999999998,14.5069,5.50659999999998,3.50600000000001,0.5117],[0.2886,1.2825,0.2894,0.2896,0.2897,0.2897,0.2896,0.2895,0.2891,0.2885,0.5244,0.5251,5.51899999999998,2.51930000000001,4.51939999999998,9.51940000000005,5.51919999999998,4.51889999999998,0.525,0.5243,0.4392,0.4396,0.4401,0.4405,2.43400000000001,0.4406,1.4339,0.4402,0.4398,0.4392,0.5373,4.53149999999998,6.53209999999998,10.5324000000001,16.5324999999999,19.5325999999999,22.5325999999999,6.53239999999998,3.53190000000001,0.5377,0.5311,1.5252,5.52569999999998,3.52600000000001,1.5261,5.52599999999998,6.52589999999998,3.52540000000001,1.5249,0.5307,0.3545,0.3549,3.34870000000001,2.34900000000001,2.34910000000001,3.34900000000001,2.34890000000001,0.3553,0.3551,1.3478,1.544,2.54480000000001,3.54530000000001,5.54559999999998,5.54569999999998,10.5457000000001,11.5456000000001,4.54519999999998,4.54459999999998,0.5504,0.4984,0.499,2.49290000000001,1.4932,1.4933,0.4998,0.4997,2.49260000000001,0.4986,0.4979,0.3933,0.3941,1.388,0.3949,3.38850000000001,2.38860000000001,2.38840000000001,0.3948,1.3878,0.3938,0.5047,1.4988,3.49930000000001,2.49960000000001,2.49970000000001,5.49969999999998,4.49959999999998,0.5059,2.49890000000001,0.5047,0.4918,1.486,2.48640000000001,1.4866,1.4866,6.48659999999998,4.48649999999998,1.4862,1.4857,0.4916,0.5245,2.51870000000001,3.51920000000001,7.51949999999998,6.51959999999998,6.51959999999998,4.51949999999998,2.51920000000001,1.5186,0.5244,1.5442,5.54499999999998,3.54540000000001,6.54569999999998,7.54579999999998,12.5457000000001,8.54550000000006,1.5451,1.5445,0.5503,0.5637,2.55770000000001,3.55820000000001,5.55849999999998,5.55869999999998,5.55879999999998,6.55859999999998,2.55830000000001,0.564299999999999,0.5636,0.4984,6.49249999999998,3.49290000000001,2.49310000000001,6.49309999999998,5.49309999999998,4.49299999999998,6.49269999999998,1.4922,0.4981,0.5112,3.50540000000001,3.50580000000001,2.50610000000001,7.50619999999998,6.50619999999998,10.5061000000001,0.5124,4.50519999999999,0.5111],[0.5246,4.51869999999998,1.5193,0.5263,0.5265,1.5199,0.5263,0.5259,0.5252,0.5244,5.64859999999998,18.6493999999999,7.65019999999998,13.6506000000001,8.65080000000007,15.6508000000001,11.6506000000001,18.6501999999999,14.6494000000001,12.6486000000001,8.62260000000007,5.62339999999998,5.62419999999998,6.62459999999998,6.62479999999998,6.62479999999998,5.62459999999998,2.62420000000001,3.62340000000001,5.62259999999998,21.6485999999999,45.6494,40.6502,30.6505999999999,21.6507999999999,30.6507999999999,28.6505999999999,32.6502,31.6493999999999,28.6485999999999,4.64859999999998,10.6494000000001,4.65019999999998,12.6506000000001,6.65079999999998,9.65080000000007,7.65059999999998,7.65019999999998,5.64939999999998,7.64859999999998,1.61569999999999,4.61649999999998,0.623900000000001,0.624300000000001,1.61789999999999,2.61790000000001,1.61769999999999,0.623900000000001,1.61649999999999,1.61569999999999,9.64860000000007,40.6494,30.6501999999999,19.6505999999999,23.6507999999999,30.6507999999999,28.6505999999999,30.6501999999999,25.6493999999999,9.64860000000007,11.6421000000001,23.6428999999999,8.64370000000007,11.6441000000001,5.64429999999998,13.6443000000001,12.6441000000001,16.6436999999999,5.64289999999998,6.64209999999998,1.63539999999999,5.63619999999998,4.63699999999998,1.63739999999999,1.63759999999999,0.644200000000001,1.63739999999999,0.643600000000001,2.63620000000001,3.63540000000001,3.64860000000001,12.6494000000001,8.65020000000007,10.6506000000001,5.65079999999998,6.65079999999998,10.6506000000001,6.65019999999998,7.64939999999998,8.64860000000007,5.64859999999998,16.6493999999999,14.6502000000001,17.6505999999999,12.6508000000001,19.6507999999999,14.6506000000001,17.6501999999999,12.6494000000001,19.6485999999999,16.6485999999999,37.6494,22.6501999999999,30.6505999999999,39.6508,38.6508,33.6506,41.6502,24.6493999999999,18.6485999999999,17.6485999999999,39.6494,34.6502,33.6506,17.6507999999999,34.6508,21.6505999999999,37.6502,24.6493999999999,20.6485999999999,11.6486000000001,38.6494,25.6501999999999,31.6505999999999,14.6508000000001,28.6507999999999,16.6505999999999,24.6501999999999,28.6493999999999,15.6486000000001,16.6485999999999,22.6493999999999,16.6501999999999,20.6505999999999,12.6508000000001,20.6507999999999,12.6506000000001,27.6501999999999,18.6493999999999,19.6485999999999,13.6486000000001,20.6493999999999,13.6502000000001,17.6505999999999,7.65079999999998,19.6507999999999,19.6505999999999,14.6502000000001,16.6493999999999,8.64860000000007],[2.51860000000001,3.51940000000001,2.52010000000001,6.52059999999998,0.5274,1.5209,2.52070000000001,3.52020000000001,3.51940000000001,0.5251,18.6493999999999,34.6503,25.6511999999999,21.6515999999999,20.6517999999999,29.6517999999999,11.6516000000001,21.6511999999999,26.6502999999999,13.6494000000001,8.62340000000007,14.6243000000001,14.6252000000001,15.6256000000001,7.62579999999998,20.6257999999999,12.6256000000001,11.6252000000001,7.62429999999998,12.6234000000001,28.6493999999999,50.6503,48.6512,44.6516,28.6517999999999,54.6517999999999,34.6516,70.6512000000005,47.6503,37.6494,14.6494000000001,32.6503,21.6511999999999,20.6515999999999,13.6518000000001,21.6517999999999,14.6516000000001,29.6511999999999,20.6502999999999,21.6493999999999,3.61650000000001,4.61739999999998,0.624900000000001,4.61869999999998,1.61889999999999,1.61889999999999,1.61869999999999,6.61829999999998,1.61739999999999,1.61649999999999,21.6493999999999,29.6502999999999,38.6512,21.6515999999999,20.6517999999999,38.6517999999999,29.6515999999999,35.6512,23.6502999999999,22.6493999999999,7.64289999999998,13.6438000000001,11.6447000000001,6.64509999999998,11.6453000000001,12.6453000000001,7.64509999999998,11.6447000000001,12.6438000000001,10.6429000000001,3.63620000000001,12.6371000000001,10.6380000000001,8.63840000000006,10.6386000000001,7.63859999999998,6.63839999999998,8.63800000000006,6.63709999999998,6.63619999999998,18.6493999999999,34.6503,30.6511999999999,27.6515999999999,18.6517999999999,33.6517999999999,25.6515999999999,37.6512,20.6502999999999,21.6493999999999,9.64940000000007,19.6502999999999,15.6512000000001,16.6515999999999,11.6518000000001,10.6518000000001,12.6516000000001,17.6511999999999,10.6503000000001,15.6494000000001,14.6494000000001,28.6502999999999,18.6511999999999,33.6516,17.6517999999999,35.6517999999999,27.6515999999999,36.6512,26.6502999999999,19.6493999999999,14.6494000000001,27.6502999999999,23.6511999999999,34.6516,19.6517999999999,29.6517999999999,21.6515999999999,30.6511999999999,24.6502999999999,18.6493999999999,9.64940000000007,19.6502999999999,21.6511999999999,17.6515999999999,11.6518000000001,18.6517999999999,12.6516000000001,13.6512000000001,7.65029999999998,10.6494000000001,23.6493999999999,26.6502999999999,29.6511999999999,30.6515999999999,17.6517999999999,31.6517999999999,19.6515999999999,34.6512,22.6502999999999,22.6493999999999,20.6493999999999,48.6503,22.6511999999999,38.6516,26.6517999999999,31.6517999999999,29.6515999999999,47.6512,34.6503,20.6493999999999],[4.51919999999998,8.52000000000005,5.52069999999998,2.52120000000001,2.52130000000001,5.52129999999998,3.52110000000001,6.52079999999998,4.51989999999998,5.51899999999998,7.65019999999998,25.6511999999999,24.6521999999999,33.6525999999999,20.6527999999999,26.6527999999999,22.6525999999999,23.6521999999999,18.6511999999999,16.6501999999999,5.62419999999998,9.62510000000006,5.62599999999998,4.62639999999997,4.62659999999997,8.62650000000006,8.62640000000006,11.6260000000001,3.62500000000001,6.62399999999998,27.6501999999999,61.6512,50.6521999999999,54.6525999999999,36.6527999999999,64.6528000000006,42.6525999999999,77.6522000000005,44.6512,41.6502,12.6502000000001,19.6511999999999,14.6522000000001,17.6525999999999,11.6528000000001,22.6527999999999,16.6525999999999,20.6521999999999,10.6512000000001,9.65020000000007,4.61729999999998,9.61830000000006,10.6192000000001,11.6196000000001,9.61980000000006,19.6197999999999,11.6196000000001,12.6193000000001,12.6183000000001,9.61730000000006,34.6502,51.6512,46.6521999999999,56.6525999999999,44.6527999999999,45.6527999999999,44.6525999999999,70.6522000000005,42.6512,30.6501999999999,13.6437000000001,16.6446999999999,13.6457000000001,18.6460999999999,13.6463000000001,28.6462999999999,10.6460000000001,24.6455999999999,11.6446000000001,15.6436000000001,3.63700000000001,7.63799999999998,9.63900000000006,14.6394000000001,8.63960000000006,11.6396000000001,7.63939999999997,7.63899999999998,7.63799999999998,5.63699999999998,15.6502000000001,22.6511999999999,25.6521999999999,24.6525999999999,15.6528000000001,31.6527999999999,19.6525999999999,29.6521999999999,21.6511999999999,20.6501999999999,11.6502000000001,17.6511999999999,16.6521999999999,15.6526000000001,9.65280000000006,21.6527999999999,16.6525999999999,20.6521999999999,13.6512000000001,17.6501999999999,28.6501999999999,41.6512,32.6521999999999,34.6525999999999,29.6527999999999,40.6527999999999,37.6525999999999,41.6521999999999,43.6512,22.6501999999999,24.6501999999999,24.6511999999999,21.6521999999999,24.6525999999999,27.6527999999999,42.6527999999999,18.6525999999999,57.6521999999999,35.6512,23.6501999999999,17.6501999999999,43.6512,26.6521999999999,30.6525999999999,20.6527999999999,40.6527999999999,29.6525999999999,31.6521999999999,23.6511999999999,24.6501999999999,14.6502000000001,39.6512,35.6521999999999,27.6525999999999,22.6527999999999,38.6527999999999,24.6525999999999,53.6521999999999,32.6512,27.6501999999999,21.6501999999999,29.6511999999999,34.6521999999999,18.6525999999999,18.6527999999999,45.6527999999999,19.6525999999999,40.6521999999999,25.6511999999999,17.6501999999999],[2.51950000000001,4.52039999999998,2.52110000000001,5.52139999999998,5.52139999999998,9.52140000000005,4.52129999999998,8.52100000000005,4.52019999999998,2.51930000000001,13.6506000000001,21.6515999999999,33.6525999999999,36.6530999999999,16.6532999999999,24.6532999999999,27.6530999999999,27.6525999999999,15.6516000000001,22.6505999999999,2.62440000000001,10.6254000000001,10.6264000000001,10.6268000000001,7.62699999999997,9.62690000000006,7.62669999999997,12.6262000000001,9.62530000000006,8.62440000000006,19.6505999999999,52.6516,38.6525999999999,37.6530999999999,37.6532999999999,30.6532999999999,34.6530999999999,35.6525999999999,33.6516,23.6505999999999,10.6506000000001,21.6515999999999,15.6526000000001,11.6531000000001,15.6533000000001,21.6532999999999,17.6530999999999,21.6525999999999,12.6516000000001,7.65059999999998,1.61769999999999,8.61860000000006,8.61960000000006,4.62009999999997,6.62029999999997,17.6202999999999,3.62010000000001,8.61960000000006,9.61860000000006,7.61779999999998,14.6506000000001,33.6516,29.6525999999999,29.6530999999999,29.6532999999999,35.6532999999999,30.6530999999999,39.6525999999999,28.6515999999999,27.6505999999999,11.6441000000001,18.6450999999999,13.6461000000001,14.6466000000001,12.6467000000001,20.6466999999999,10.6465000000001,18.6459999999999,12.6450000000001,9.64400000000007,4.63749999999998,9.63840000000006,2.63940000000001,8.63990000000006,6.64009999999997,5.64009999999997,10.6399000000001,7.63939999999997,2.63840000000001,4.63739999999998,9.65060000000007,27.6515999999999,22.6525999999999,20.6530999999999,19.6532999999999,21.6532999999999,15.6531000000001,17.6525999999999,19.6515999999999,12.6506000000001,19.6505999999999,18.6515999999999,20.6525999999999,20.6530999999999,11.6533000000001,22.6532999999999,14.6531000000001,25.6525999999999,21.6515999999999,12.6506000000001,12.6506000000001,20.6515999999999,31.6525999999999,15.6531000000001,9.65330000000006,10.6533000000001,15.6531000000001,20.6525999999999,14.6516000000001,13.6506000000001,12.6506000000001,30.6515999999999,22.6525999999999,33.6530999999999,11.6533000000001,21.6532999999999,26.6530999999999,33.6525999999999,21.6515999999999,15.6506000000001,19.6505999999999,27.6515999999999,28.6525999999999,21.6530999999999,20.6532999999999,33.6532999999999,22.6530999999999,38.6525999999999,20.6515999999999,19.6505999999999,23.6505999999999,45.6516,34.6525999999999,28.6530999999999,27.6532999999999,40.6532999999999,22.6530999999999,33.6525999999999,26.6515999999999,30.6505999999999,16.6505999999999,27.6515999999999,32.6525999999999,31.6530999999999,19.6532999999999,23.6532999999999,28.6530999999999,33.6525999999999,24.6515999999999,10.6506000000001],[7.51969999999998,8.52050000000005,6.52129999999998,5.52139999999998,3.52140000000001,7.52139999999998,11.5214,13.5211,6.52019999999998,4.51939999999998,8.65080000000007,20.6517999999999,20.6527999999999,16.6532999999999,19.6533999999999,24.6533999999999,16.6532999999999,25.6527999999999,17.6517999999999,12.6508000000001,5.62459999999998,8.62560000000006,13.6265000000001,11.6270000000001,9.62700000000006,7.62699999999997,6.62689999999997,13.6264000000001,7.62539999999998,8.62450000000006,31.6507999999999,41.6517999999999,42.6527999999999,38.6532999999999,45.6533999999999,45.6533999999999,27.6532999999999,43.6527999999999,33.6517999999999,26.6507999999999,2.65080000000001,11.6518000000001,4.65279999999997,7.65329999999997,4.65339999999997,12.6534000000001,5.65329999999997,8.65280000000006,7.65179999999998,7.65079999999998,4.61789999999998,2.61880000000001,4.61979999999997,1.62029999999999,8.62040000000006,9.62040000000006,5.62029999999997,5.61979999999997,2.61880000000001,3.61800000000001,22.6507999999999,31.6517999999999,22.6527999999999,22.6532999999999,21.6533999999999,26.6533999999999,22.6532999999999,48.6527999999999,25.6517999999999,22.6507999999999,11.6443000000001,18.6452999999999,17.6462999999999,13.6467000000001,14.6468000000001,18.6467999999999,19.6466999999999,22.6461999999999,16.6451999999999,15.6442000000001,6.63769999999998,18.6385999999999,10.6396000000001,10.6401000000001,12.6402000000001,19.6401999999999,8.64010000000006,9.63960000000006,10.6386000000001,6.63759999999998,8.65080000000007,15.6518000000001,13.6528000000001,11.6533000000001,9.65340000000006,18.6533999999999,16.6532999999999,18.6527999999999,9.65180000000006,11.6508000000001,7.65079999999998,15.6518000000001,12.6528000000001,14.6533000000001,10.6534000000001,11.6534000000001,8.65330000000006,18.6527999999999,7.65179999999998,11.6508000000001,11.6508000000001,23.6517999999999,17.6527999999999,25.6532999999999,16.6533999999999,26.6533999999999,12.6533000000001,24.6527999999999,19.6517999999999,8.65080000000007,5.65079999999998,29.6517999999999,26.6527999999999,29.6532999999999,16.6533999999999,28.6533999999999,22.6532999999999,30.6527999999999,18.6517999999999,17.6507999999999,11.6508000000001,37.6517999999999,35.6527999999999,27.6532999999999,17.6533999999999,28.6533999999999,16.6532999999999,34.6527999999999,24.6517999999999,23.6507999999999,21.6507999999999,33.6517999999999,31.6527999999999,29.6532999999999,24.6533999999999,22.6533999999999,28.6532999999999,46.6527999999999,28.6517999999999,28.6507999999999,18.6507999999999,43.6517999999999,29.6527999999999,37.6532999999999,23.6533999999999,34.6533999999999,15.6533000000001,44.6527999999999,22.6517999999999,25.6507999999999],[10.5197000000001,7.52049999999998,8.52130000000005,7.52139999999998,9.52140000000005,8.52140000000005,9.52140000000005,14.5211,24.5200999999999,9.51940000000005,15.6508000000001,29.6517999999999,26.6527999999999,24.6532999999999,24.6533999999999,28.6533999999999,23.6532999999999,26.6527999999999,18.6517999999999,19.6507999999999,2.62460000000001,8.62550000000006,8.62650000000006,5.62689999999997,5.62699999999997,8.62700000000006,3.62690000000002,8.62640000000006,4.62539999999998,3.62440000000001,29.6507999999999,57.6517999999999,50.6527999999999,46.6532999999999,39.6533999999999,67.6534000000006,45.6532999999999,52.6527999999999,36.6517999999999,32.6508,10.6508000000001,21.6517999999999,20.6527999999999,13.6533000000001,13.6534000000001,18.6533999999999,17.6532999999999,22.6527999999999,16.6517999999999,20.6507999999999,8.61790000000006,20.6188999999999,10.6198000000001,19.6202999999999,14.6204000000001,15.6204000000001,12.6203000000001,15.6198000000001,12.6189000000001,8.61810000000006,20.6507999999999,37.6517999999999,38.6527999999999,19.6532999999999,18.6533999999999,38.6533999999999,15.6533000000001,34.6527999999999,26.6517999999999,11.6508000000001,6.64429999999998,4.64529999999998,17.6461999999999,15.6467000000001,13.6468000000001,8.64680000000006,9.64670000000006,13.6462000000001,10.6452000000001,8.64420000000007,3.63770000000001,19.6386999999999,7.63959999999997,6.64009999999997,6.64019999999997,10.6402000000001,7.64009999999997,10.6396000000001,7.63859999999998,6.63759999999998,8.65080000000007,27.6517999999999,20.6527999999999,21.6532999999999,9.65340000000006,18.6533999999999,15.6533000000001,28.6527999999999,17.6517999999999,10.6508000000001,14.6508000000001,27.6517999999999,26.6527999999999,20.6532999999999,16.6533999999999,12.6534000000001,18.6532999999999,25.6527999999999,15.6518000000001,20.6507999999999,16.6507999999999,29.6517999999999,27.6527999999999,30.6532999999999,19.6533999999999,37.6533999999999,26.6532999999999,48.6527999999999,22.6517999999999,20.6507999999999,11.6508000000001,23.6517999999999,23.6527999999999,28.6532999999999,9.65340000000006,21.6533999999999,18.6532999999999,23.6527999999999,20.6517999999999,13.6508000000001,22.6507999999999,35.6517999999999,21.6527999999999,19.6532999999999,20.6533999999999,24.6533999999999,16.6532999999999,35.6527999999999,20.6517999999999,23.6507999999999,12.6508000000001,25.6517999999999,27.6527999999999,20.6532999999999,13.6534000000001,37.6533999999999,18.6532999999999,28.6527999999999,19.6517999999999,15.6508000000001,20.6507999999999,30.6517999999999,24.6527999999999,29.6532999999999,18.6533999999999,41.6533999999999,20.6532999999999,28.6527999999999,14.6518000000001,15.6508000000001],[3.51950000000001,7.52039999999998,13.5211,12.5214,4.52139999999998,15.5214,14.5212,13.5208,18.5199999999999,5.51919999999998,11.6506000000001,11.6516000000001,22.6525999999999,27.6530999999999,16.6532999999999,23.6532999999999,24.6530999999999,16.6525999999999,6.65159999999998,11.6506000000001,6.62439999999998,8.62530000000006,11.6263000000001,12.6267000000001,7.62689999999997,7.62689999999997,5.62669999999997,10.6262000000001,11.6252000000001,15.6242000000001,22.6505999999999,39.6516,23.6525999999999,37.6530999999999,31.6532999999999,41.6532999999999,27.6530999999999,40.6525999999999,30.6515999999999,29.6505999999999,18.6505999999999,17.6515999999999,18.6525999999999,19.6530999999999,17.6532999999999,24.6532999999999,18.6530999999999,22.6525999999999,12.6516000000001,16.6505999999999,6.61769999999998,7.61869999999998,8.61970000000006,9.62010000000006,6.62029999999997,11.6203000000001,3.62010000000001,10.6197000000001,3.61890000000001,10.6179000000001,20.6505999999999,35.6516,20.6525999999999,42.6530999999999,28.6532999999999,26.6532999999999,28.6530999999999,47.6525999999999,33.6516,36.6506,11.6441000000001,18.6450999999999,18.6459999999999,16.6464999999999,11.6467000000001,28.6466999999999,21.6464999999999,12.6460000000001,11.6450000000001,14.6440000000001,8.63760000000006,11.6385000000001,12.6395000000001,9.63990000000006,8.64010000000006,20.6400999999999,15.6399000000001,15.6394000000001,7.63839999999998,17.6373999999999,5.65059999999998,13.6516000000001,10.6526000000001,15.6531000000001,20.6532999999999,19.6532999999999,12.6531000000001,11.6526000000001,7.65159999999998,8.65060000000007,9.65060000000007,19.6515999999999,17.6525999999999,19.6530999999999,19.6532999999999,22.6532999999999,10.6531000000001,21.6525999999999,19.6515999999999,13.6506000000001,12.6506000000001,34.6516,19.6525999999999,22.6530999999999,15.6533000000001,31.6532999999999,21.6530999999999,39.6525999999999,26.6515999999999,18.6505999999999,12.6506000000001,27.6515999999999,22.6525999999999,21.6530999999999,18.6532999999999,23.6532999999999,19.6530999999999,32.6525999999999,20.6515999999999,19.6505999999999,24.6505999999999,38.6516,26.6525999999999,22.6530999999999,27.6532999999999,22.6532999999999,15.6531000000001,33.6525999999999,24.6515999999999,25.6505999999999,17.6505999999999,27.6515999999999,23.6525999999999,24.6530999999999,17.6532999999999,23.6532999999999,26.6530999999999,23.6525999999999,24.6515999999999,12.6506000000001,12.6506000000001,25.6515999999999,24.6525999999999,24.6530999999999,13.6533000000001,23.6532999999999,17.6530999999999,33.6525999999999,15.6516000000001,13.6506000000001],[2.51920000000001,3.52000000000001,1.5207,1.5212,1.5213,2.52110000000001,7.52089999999998,4.52049999999998,1.5197,4.51889999999998,18.6501999999999,21.6511999999999,23.6521999999999,27.6525999999999,25.6527999999999,26.6527999999999,16.6525999999999,32.6521999999999,18.6511999999999,9.65020000000007,7.62389999999998,16.6248999999999,10.6258000000001,7.62619999999997,11.6264000000001,15.6264000000001,9.62620000000006,11.6258000000001,8.62480000000006,6.62379999999998,29.6501999999999,42.6512,26.6521999999999,37.6525999999999,37.6527999999999,43.6527999999999,27.6525999999999,64.6522000000005,32.6512,24.6501999999999,11.6502000000001,15.6512000000001,11.6522000000001,10.6526000000001,11.6528000000001,11.6528000000001,8.65260000000006,15.6522000000001,15.6512000000001,11.6502000000001,4.61739999999998,2.61830000000001,3.61930000000001,6.61969999999998,5.61989999999997,7.61989999999997,7.61979999999997,2.61950000000001,3.61850000000001,2.61750000000001,16.6501999999999,24.6511999999999,13.6522000000001,25.6525999999999,21.6527999999999,28.6527999999999,18.6525999999999,23.6521999999999,22.6511999999999,10.6502000000001,10.6437000000001,12.6446000000001,9.64560000000006,11.6460000000001,11.6462000000001,15.6462000000001,11.6460000000001,9.64560000000006,6.644599999