[[1.3678,1.4221,1.4643,1.4936,1.5093,1.5107,1.4971,1.4701,1.4296,1.3774,2.4912,4.5446,6.6161,4.6638,9.6863,12.6835,5.655,4.6017,2.5647,2.4667,2.1032,5.146,2.25,2.2943,5.2771,3.2778,5.257,2.2542,3.1519,2.1104,3.4725,8.572,8.6499,10.7038,17.7326,19.7353,15.7119,11.6632,7.5903,2.535,2.5093,4.5621,4.6325,3.679,6.7005,5.6961,5.6662,3.6113,3.5332,2.4734,1.6521,1.7157,2.7248,1.7978,1.8139,1.8129,1.7944,2.7194,1.7083,1.6431,2.595,3.6527,14.7276,7.7778,6.8019,20.7994,14.7704,10.7154,3.6362,4.5345,2.3854,3.4322,3.4977,4.5405,6.5593,4.5534,5.5236,4.4702,4.3946,2.3391,1.8213,1.8958,2.9147,1.9956,2.0186,2.0223,2.9666,1.9718,1.9196,1.8504,3.3617,3.4517,4.5205,4.5661,5.5874,8.584,3.5556,3.5034,4.4287,2.3731,2.3188,2.408,7.4367,4.4832,6.506,10.5045,5.4791,5.4301,7.3591,2.3076,2.4638,5.5172,9.58839999999999,10.6365,9.65949999999999,18.657,13.6294,7.577,8.5015,2.4443,3.5763,4.6691,10.7386,8.7835,12.8019,22.7936,19.7589,7.6986,8.6144,2.5484,4.6322,4.7322,13.8092,9.8608,18.8858,9.8836,18.8543,7.7985,3.7177,2.6541,2.3758,5.4236,5.4897,4.5331,7.5524,13.5473,14.5176,3.4643,5.3888,2.3328,3.3914,2.5206,7.5484,3.5926,8.6127,4.6077,6.5777,6.5237,3.4474,2.39],[1.4221,4.4386,1.5221,2.5126,1.5684,1.5693,3.5157,2.4871,2.4452,2.3904,6.5419,5.6388,10.713,6.7627,10.7861,9.7831,9.7538,5.6986,5.6193,3.5178,2.1777,6.2233,6.2897,6.3354,10.3587,6.3597,8.338,4.2941,4.2292,2.1851,2.6061,9.6695,15.7503,11.8065,21.8365,37.8393,27.8151,3.7646,2.7288,2.6302,2.6038,8.6601,6.733,4.7815,11.8035,12.7991,9.768,6.7111,10.63,2.5665,1.7221,1.7882,1.8391,2.8338,1.8906,3.8494,3.8302,1.8335,1.7803,1.7121,3.6518,5.753,12.8304,8.8826,15.9075,16.9048,12.8746,8.8175,4.7352,2.6697,2.4733,2.5628,9.5907,2.6746,6.6538,5.6477,5.6168,3.561,3.4827,2.4233,1.8975,1.9751,4.9963,6.0393,3.063,4.0667,5.0504,5.0145,1.9999,1.9281,2.4887,6.5421,13.6133,7.6607,14.683,14.6795,12.6502,6.596,2.5584,2.4596,2.4067,5.4592,6.5305,5.5786,5.6023,10.6008,7.5745,3.5235,4.4498,2.3949,2.5589,5.6157,8.6898,6.7397,9.7637,20.7611,13.7323,2.7176,5.5992,2.5385,2.7139,3.7704,5.8426,6.889,12.9081,16.8995,11.8636,6.8009,8.7136,2.6436,2.768,3.8318,5.9116,6.9652,11.9911,4.9887,11.9582,4.9003,6.8167,2.7492,2.463,6.5137,8.5826,7.6277,7.6479,11.6425,10.6117,5.5565,2.5181,2.419,4.4806,5.5729,10.643,19.689,15.7097,18.7044,10.6732,11.6171,4.5378,2.477],[1.4643,1.5221,7.527,1.5981,4.5744,3.5751,3.5607,2.5315,1.5278,1.4716,3.6114,4.7108,7.7872,4.8382,8.8627,10.8598,15.8295,3.773,2.7313,2.6273,2.2336,4.2814,4.3494,4.3962,7.4204,6.4211,4.399,5.3536,3.2873,2.2409,2.6789,7.7455,18.8284,10.8862,30.9169,30.92,30.8953,13.8435,6.7657,3.6642,2.6771,6.7361,4.8112,3.8611,4.8837,8.879,5.8471,3.7884,4.7052,2.6388,1.7783,4.8069,8.8595,2.8949,6.9121,7.9109,6.8911,1.8932,2.7984,1.7678,2.7665,8.8306,16.9103,13.9637,18.9893,18.9863,21.9552,6.8964,10.8119,2.7433,2.5406,6.5923,3.6617,6.7069,5.7265,8.72,7.6877,3.6303,4.5497,2.4876,1.9581,2.0383,2.1014,4.1058,3.1304,4.1341,5.1173,3.0803,2.0639,1.9899,2.5554,4.6116,5.6846,6.7335,11.7562,11.7527,11.7228,4.6672,4.5877,2.5259,2.4749,3.5302,4.6034,4.653,7.6773,8.6759,6.6486,5.5963,3.5206,2.463,2.6336,8.6933,16.7694,6.8206,18.8451,27.8426,20.813,6.7568,4.676,2.6121,2.7898,3.849,6.9232,5.9709,15.9903,24.9817,19.9447,10.8804,5.7906,2.7174,4.8016,7.908,10.9897,12.0446,13.0712,17.0689,17.0375,6.978,4.8918,4.7818,3.4901,6.5835,15.6542,7.7007,18.7214,28.7159,28.6845,8.6278,5.5476,2.4856,2.5888,10.6438,9.7157,5.763,28.784,17.7785,12.7467,9.6889,5.6073,2.5436],[1.4936,2.5126,1.5981,4.5895,1.6456,3.6063,3.5916,1.6015,1.5572,1.4994,2.6973,8.7589,4.8367,7.8884,7.9133,9.9105,14.8799,3.8227,5.74,2.6738,2.2695,4.3187,5.3877,2.4752,6.46,3.4607,5.4379,4.3918,3.3244,2.2767,2.7282,2.8365,8.8813,4.9401,12.9716,8.9747,12.9497,6.8968,3.8177,3.7145,4.6873,6.7879,4.8644,8.915,7.9381,10.9335,9.901,6.8414,6.7562,2.688,1.8194,2.8494,2.903,1.9791,6.9571,7.9555,6.9352,2.8962,2.8403,1.8079,2.8174,5.8833,9.9642,8.0184,21.0442,20.0415,20.0096,4.9497,6.8634,2.7928,3.5453,4.6385,9.709,7.7546,11.7743,10.7674,8.7345,5.6762,4.5938,2.5299,2.002,3.0441,3.1088,2.1938,6.1788,4.183,5.1658,3.1278,4.0704,2.0345,2.5997,5.6574,7.7319,4.7817,12.805,11.8012,11.771,9.7144,5.6336,2.5702,2.5216,4.5787,3.6533,6.7037,7.7285,9.727,9.6993,6.6461,2.6088,2.5095,2.6851,2.7866,5.8245,4.8766,6.9015,8.8988,6.8686,8.8113,3.729,2.6631,4.8013,3.9021,9.9778,8.0263,11.0464,12.0374,14.9997,7.9341,3.8427,2.7676,2.8895,7.9579,15.041,6.0968,8.1237,13.1213,14.0895,5.0289,5.9412,3.829,2.5748,3.6299,8.702,7.7493,15.7705,20.7651,24.7331,5.6754,2.6337,2.53,2.6347,5.6913,9.7644,3.8124,16.8335,16.8279,12.7955,4.7367,3.6536,2.5881],[1.5093,1.5684,4.5744,1.6456,3.6221,6.6226,7.6072,3.577,3.5319,1.5134,2.7188,2.821,4.8596,7.9121,5.9376,11.9348,6.9039,3.846,7.7627,2.6959,2.2844,5.3341,3.4037,3.4516,9.4762,7.4769,9.4542,4.4079,5.3399,2.2914,2.7529,8.8224,12.9078,12.9673,20.9991,16.0024,28.9771,12.9239,6.8443,2.7799,2.7524,3.8141,5.8915,4.9425,3.9659,6.9612,2.968,4.868,3.7823,2.7129,1.8438,1.9146,1.9689,2.966,2.9838,2.9821,6.9614,2.9219,2.865,1.8321,2.8427,4.9095,12.9911,9.04569999999999,18.0718,20.0687,19.0366,5.9759,3.889,2.8173,2.6063,4.6604,5.731,4.7768,9.7963,11.7895,12.7558,6.6967,2.6536,2.5488,2.0276,2.1104,7.1361,3.1822,11.2075,9.2116,11.1942,3.1556,3.0974,2.0608,2.6205,5.679,4.7541,6.8044,7.8278,4.8243,10.7937,9.7368,3.6554,2.5912,2.5456,3.6037,6.6789,3.7299,10.7548,7.7535,8.7254,4.6718,2.6337,2.5335,3.6729,3.7753,7.8537,8.9063,7.9316,17.9289,12.8982,4.8404,3.7572,2.6903,3.8272,4.929,12.0053,5.0542,13.0743,24.0654,20.0273,5.9613,4.8691,2.7928,3.8716,4.9805,9.0642,5.1205,12.1476,13.1449,11.1127,5.0519,4.9636,3.8506,2.5964,6.6524,12.7251,7.7729,12.7943,22.789,21.7568,5.6987,3.6164,2.5518,2.6567,4.7139,5.7875,2.8758,16.8574,10.8515,15.8186,6.7593,4.6755,2.609],[1.5107,1.5693,3.5751,3.6063,6.6226,6.6227,5.6075,2.5767,1.5716,1.5131,3.6755,3.7777,7.8561,11.9089,9.9341,10.9314,17.901,4.8432,3.76,4.6536,2.2781,5.3275,5.3967,3.4446,4.469,6.4698,3.4472,2.4409,4.3329,2.2847,2.7523,7.8218,14.9075,7.967,16.999,25.0022,31.977,9.9238,7.8443,2.7801,3.7128,6.8143,6.8917,2.9825,8.9661,9.9614,10.9284,7.8682,5.7824,2.7131,1.8516,4.8825,3.9373,4.9738,5.9914,3.99,6.9695,3.9297,1.9124,1.8392,3.8023,4.9088,8.9902,6.045,16.0708,11.0676,15.0354,10.9749,4.8878,2.8161,3.5636,3.6571,4.7275,4.773,8.7925,6.7854,7.7515,4.6924,5.6091,3.5043,2.0346,3.078,3.1433,3.1898,2.2549,5.2193,6.2017,3.1633,3.1049,2.0678,2.6173,5.6758,6.751,5.801,7.8246,12.8211,14.7906,4.7337,3.6525,2.5884,2.5464,5.6044,8.6797,7.7306,10.7558,12.7543,8.7262,7.6725,2.6345,2.5343,2.7153,5.778,15.8565,8.9092,13.9345,10.9318,14.9009,4.843,4.7597,2.6928,2.8667,4.9286,6.0049,8.0538,12.0739,15.065,12.0269,7.9609,2.9086,2.7924,3.8666,4.9753,11.0589,5.1149,14.1423,10.1395,16.1072,4.0462,3.958,2.8851,2.5941,4.6501,9.7228,8.7707,9.7923,15.7868,22.7548,4.6968,3.6147,2.5503,2.6543,4.7116,5.785,7.8333,13.8546,6.8487,16.8157,6.7564,4.6727,2.6063],[1.4971,3.5157,3.5607,3.5916,7.6072,5.6075,8.5921,2.5617,1.5565,1.4987,2.6867,4.7483,5.826,6.8784,13.9033,11.9007,16.8709,9.8139,6.7316,2.6661,2.2507,6.299,5.3674,3.4145,7.4388,9.4396,5.4169,3.3713,3.3042,3.2172,2.7267,6.7954,14.8801,8.9393,14.9708,23.9742,11.9494,7.8966,4.8178,2.7546,3.6877,5.7883,11.8651,6.9157,13.9388,7.9339,15.9014,5.8417,4.7568,2.6885,1.8417,1.9121,2.9267,2.0029,4.9808,5.9794,7.9585,1.9589,1.902,1.8291,2.8156,9.8812,11.9619,6.0159,22.0415,19.0382,11.0063,10.9461,4.8598,2.789,3.5365,4.6288,7.6983,5.7432,11.7622,10.7548,12.7213,5.6626,3.5801,2.5159,2.0226,7.0656,8.1305,4.1767,11.2021,9.2061,12.1888,4.1504,3.0924,2.0557,2.5901,2.6876,6.7221,6.7717,10.7951,10.7917,10.7615,3.7054,7.625,2.5621,2.5238,4.581,9.6557,4.7062,13.731,8.7296,12.7018,4.6486,3.5714,2.5119,2.6933,6.7551,10.8329,4.8851,11.9099,16.9072,19.8768,8.8194,3.7366,2.6704,3.8003,6.9012,8.9767,16.0252,19.0452,17.0363,13.9986,5.9332,5.8417,2.7667,2.8751,4.9428,8.0254,6.0806,15.1071,17.1047,13.0728,9.0125,4.9253,3.8135,2.5681,6.6232,9.6952,6.7428,13.7641,12.7589,7.7272,6.67,2.6285,2.5253,2.628,5.6841,7.7567,9.8042,6.8252,13.8195,11.7869,3.7282,2.6849,2.5796],[1.4701,2.4871,2.5315,1.6015,3.577,2.5767,2.5617,2.5312,1.5269,1.4698,2.6342,5.6937,8.7701,10.8215,15.8463,16.8439,15.8144,6.7586,3.678,2.6148,2.2024,5.2493,5.316,3.3621,6.3859,12.3866,6.3643,3.3198,2.294,2.2087,2.6766,5.7433,9.8266,7.8848,20.9157,19.9191,32.8949,6.8431,3.7657,3.6646,2.678,4.737,3.812,7.8619,7.8845,11.8799,5.848,4.7894,4.706,2.6395,1.8152,2.8446,3.8982,1.9739,2.9517,5.9498,1.9689,2.8905,1.8741,1.8022,2.7639,7.8275,9.9065,8.9594,10.9844,13.9814,7.9498,5.8907,4.8057,2.737,2.526,3.5764,4.6445,5.6882,8.7065,8.6991,11.666,6.6083,2.5673,2.4652,1.9918,2.0734,4.0975,4.1429,2.2078,5.1719,6.1549,2.1571,4.0601,2.0247,2.5398,6.5956,11.6685,7.7173,14.7403,16.7369,12.7074,8.6524,2.6134,2.5126,2.4786,3.534,9.6074,4.657,7.6814,11.6799,9.6529,4.6004,3.5246,2.4668,2.6467,5.7067,14.7831,6.8346,12.859,13.8563,22.8264,7.7697,5.6885,2.6241,2.7881,8.8472,8.9214,8.9691,17.9887,16.9799,13.9429,7.8786,5.7889,2.7158,2.8177,2.923,5.9641,7.0182,8.0443,17.0417,18.0104,3.9511,2.9054,2.7959,2.519,4.5726,10.6433,5.6899,24.7109,10.7058,10.675,9.6188,6.5392,2.4777,2.5777,3.6321,5.7033,9.75,11.7706,14.7647,11.7326,2.7146,7.5934,2.5298],[1.4296,2.4452,1.5278,1.5572,3.5319,1.5716,1.5565,1.5269,7.4438,1.4279,2.5586,5.6154,6.6897,6.7396,8.7638,26.7618,20.7332,3.679,5.6008,2.5406,2.1355,2.2192,4.2444,3.2887,8.3119,8.3125,8.2909,4.2478,2.224,2.1414,2.603,5.6668,11.7478,9.8045,19.8348,19.8381,28.8144,6.7642,6.689,2.6306,2.605,3.6613,9.7343,7.7826,6.8048,12.8003,14.7692,7.7121,4.631,2.5675,1.7722,4.8001,5.852,3.8872,2.904,4.9024,5.8825,3.8447,1.8293,1.7589,2.6879,3.7485,11.8254,3.8768,9.9012,9.8979,12.8671,9.8095,3.727,2.6612,3.4137,6.5011,6.567,4.6091,12.6269,11.6195,8.5874,2.5708,3.4521,2.3928,1.9434,3.9831,3.0457,9.0898,9.1141,10.118,8.1016,3.0649,3.009,1.9753,2.4673,6.5204,6.5913,5.6388,9.6612,13.658,8.6293,5.576,3.4994,2.4414,2.4115,2.5042,5.5357,6.5842,4.6079,5.6064,6.5801,4.5291,4.4553,2.4003,3.5371,3.6342,11.7086,7.7586,24.7824,17.7797,13.7506,3.6954,3.6163,2.5547,2.7117,5.7681,6.8402,6.8866,12.9055,17.8971,13.8612,6.7986,4.7114,2.6414,4.6959,5.7982,5.8766,3.9293,9.9546,12.9518,9.9214,4.8639,6.7809,2.7145,2.4481,2.5386,6.5677,8.6131,11.6337,15.6289,7.5987,4.5442,2.5066,2.4085,3.4655,3.5569,9.626,5.6713,12.6914,7.6855,16.6542,7.5981,5.5188,2.458],[1.3774,2.3904,1.4716,1.4994,1.5134,1.5131,1.4987,1.4698,1.4279,1.374,2.4623,2.5555,7.5872,4.6353,6.6587,11.6567,7.6293,6.5774,2.5422,2.4459,2.051,2.1315,2.194,2.2365,4.2189,2.2594,3.1987,2.1969,2.1358,2.0563,2.5085,6.5685,8.6468,12.7013,18.7306,21.7338,24.711,8.6627,5.5904,2.5354,2.5106,3.5636,7.6339,5.6806,3.7019,7.6976,8.6675,5.6127,3.5345,2.4748,1.7142,1.7797,4.7903,3.8238,3.8404,4.8387,3.8194,1.8223,1.769,2.6612,3.5504,4.6473,5.7212,7.7707,7.794,12.7908,13.7611,6.7056,6.626,2.564,2.3611,2.4451,4.4682,3.5088,3.5257,2.5582,2.527,4.4327,2.3966,2.301,1.8781,1.955,2.9759,2.0583,5.042,4.0458,4.0299,2.0341,2.9405,1.9093,2.3752,3.4248,5.4932,4.5389,4.5605,7.5574,6.53,2.5183,4.4049,2.3503,2.3249,3.3745,4.4433,3.4899,3.5129,8.5115,6.4861,3.437,3.3659,2.3142,2.4861,4.54,5.6118,9.6598,8.6828,8.6802,6.6519,4.5988,3.5225,2.4644,3.5735,7.6662,5.7358,8.7805,9.7989,14.7906,10.7561,3.6957,3.6116,2.5457,2.6321,4.6903,5.7659,7.8165,7.8408,7.8382,8.8087,4.7534,2.7132,2.6108,2.3573,8.405,5.4714,4.515,8.5349,7.5304,6.5015,8.4491,3.3747,2.3198,2.4127,5.4608,5.5273,4.5709,9.59,8.5843,12.5542,2.5398,6.4237,2.3664],[2.4912,6.5419,3.6114,2.6973,2.7188,3.6755,2.6867,2.6342,2.5586,2.4623,8.0081,21.1225,10.2113,16.2717,11.3023,18.3023,14.2717,21.2113,17.1225,15.0081,10.9197,8.02959999999999,8.1147,9.172,9.20049999999999,9.1994,8.1685,5.1088,6.0218,7.9099,24.0081,48.1225,43.2113,33.2717,24.3023,33.3023,31.2717,35.2113,34.1225,31.0081,7.0081,13.1225,7.2113,15.2717,9.3023,12.3023,10.2717,10.2113,8.1225,10.0081,3.8363,6.9457,3.0709,3.1295,4.12,5.1217,4.0946,3.0789,3.9568,3.8501,12.0081,43.1225,33.2113,22.2717,26.3023,33.3023,31.2717,33.2113,28.1225,12.0081,13.9888,26.1017,11.1891,14.2483,8.27779999999999,16.2769,15.2457,19.1849,8.0959,8.9817,3.9417,8.0524,7.138,4.1958,4.2246,3.2632,4.1925,3.1722,5.0448,5.9322,6.0081,15.1225,11.2113,13.2717,8.30229999999999,9.3023,13.2717,9.2113,10.1225,11.0081,8.0081,19.1225,17.2113,20.2717,15.3023,22.3023,17.2717,20.2113,15.1225,22.0081,19.0081,40.1225,25.2113,33.2717,42.3023,41.3023,36.2717,44.2113,27.1225,21.0081,20.0081,42.1225,37.2113,36.2717,20.3023,37.3023,24.2717,40.2113,27.1225,23.0081,14.0081,41.1225,28.2113,34.2717,17.3023,31.3023,19.2717,27.2113,31.1225,18.0081,19.0081,25.1225,19.2113,23.2717,15.3023,23.3023,15.2717,30.2113,21.1225,22.0081,16.0081,23.1225,16.2113,20.2717,10.3023,22.3023,22.2717,17.2113,19.1225,11.0081],[4.5446,5.6388,4.7108,8.7589,2.821,3.7777,4.7483,5.6937,5.6154,2.5555,21.1225,37.2412,28.3334,24.3961,23.4279,32.4279,14.3961,24.3334,29.2412,16.1225,11.0263,17.1402,17.2282,18.2876,10.3171,23.3158,15.2838,14.2219,10.1314,15.0157,31.1225,53.2412,51.3334,47.3961,31.4279,57.4279,37.3961,73.3334000000001,50.2412,40.1225,17.1225,35.2412,24.3334,23.3961,16.4279,24.4279,17.3961,32.3334,23.2412,24.1225,5.9489,7.0626,3.1911,7.2121,4.2437,4.2453,4.2171,9.1594,4.0737,3.9628,24.1225,32.2412,41.3334,24.3961,23.4279,41.4279,32.3961,38.3334,26.2412,25.1225,10.1015,16.2186,14.3093,9.3706,14.4012,15.4003,10.3678,14.3046,15.2123,13.0937,6.0565,15.1715,13.2605,11.3206,13.3506,10.3494,9.3173,11.2549,9.1639,9.047,21.1225,37.2412,33.3334,30.3961,21.4279,36.4279,28.3961,40.3334,23.2412,24.1225,12.1225,22.2412,18.3334,19.3961,14.4279,13.4279,15.3961,20.3334,13.2412,18.1225,17.1225,31.2412,21.3334,36.3961,20.4279,38.4279,30.3961,39.3334,29.2412,22.1225,17.1225,30.2412,26.3334,37.3961,22.4279,32.4279,24.3961,33.3334,27.2412,21.1225,12.1225,22.2412,24.3334,20.3961,14.4279,21.4279,15.3961,16.3334,10.2412,13.1225,26.1225,29.2412,32.3334,33.3961,20.4279,34.4279,22.3961,37.3334,25.2412,25.1225,23.1225,51.2412,25.3334,41.3961,29.4279,34.4279,32.3961,50.3334,37.2412,23.1225],[6.6161,10.713,7.7872,4.8367,4.8596,7.8561,5.826,8.7701,6.6897,7.5872,10.2113,28.3334,27.4283,36.4927,23.5253,29.5253,25.4927,26.4283,21.3334,19.2113,8.1075,12.2244,8.3148,7.3757,7.4058,11.4043,11.3715,14.3079,6.2151,9.096,30.2113,64.3334,53.4283,57.4927,39.5253,67.5253000000001,45.4927,80.4283000000001,47.3334,44.2113,15.2113,22.3334,17.4283,20.4927,14.5253,25.5253,19.4927,23.4283,13.3334,12.2113,7.0374,12.1544,13.2456,14.3083,12.3407,22.3425,14.3133,15.2539,15.1655,12.0513,37.2113,54.3334,49.4283,59.4927,47.5253,48.5253,47.4927,73.4283000000001,45.3334,33.2113,16.1887,19.309,16.4023,21.4652,16.4965,31.4955,13.4621,27.3973,14.3022,18.1803,6.1462,10.2648,12.3565,17.4184,11.4491,14.4479,10.4149,10.3509,10.2572,8.137,18.2113,25.3334,28.4283,27.4927,18.5253,34.5253,22.4927,32.4283,24.3334,23.2113,14.2113,20.3334,19.4283,18.4927,12.5253,24.5253,19.4927,23.4283,16.3334,20.2113,31.2113,44.3334,35.4283,37.4927,32.5253,43.5253,40.4927,44.4283,46.3334,25.2113,27.2113,27.3334,24.4283,27.4927,30.5253,45.5253,21.4927,60.4283,38.3334,26.2113,20.2113,46.3334,29.4283,33.4927,23.5253,43.5253,32.4927,34.4283,26.3334,27.2113,17.2113,42.3334,38.4283,30.4927,25.5253,41.5253,27.4927,56.4283,35.3334,30.2113,24.2113,32.3334,37.4283,21.4927,21.5253,48.5253,22.4927,43.4283,28.3334,20.2113],[4.6638,6.7627,4.8382,7.8884,7.9121,11.9089,6.8784,10.8215,6.7396,4.6353,16.2717,24.3961,36.4927,39.5583,19.5915,27.5915,30.5583,30.4927,18.3961,25.2717,5.161,13.2798,13.3716,13.4334,10.4639,12.4625,10.429,15.3643,12.2698,11.1486,22.2717,55.3961,41.4927,40.5583,40.5915,33.5915,37.5583,38.4927,36.3961,26.2717,13.2717,24.3961,18.4927,14.5583,18.5915,24.5915,20.5583,24.4927,15.3961,10.2717,4.0992,11.2184,11.3114,7.3751,9.4083,20.4101,6.3802,11.3195,12.2295,10.1128,17.2717,36.3961,32.4927,32.5583,32.5915,38.5915,33.5583,42.4927,31.3961,30.2717,14.2476,21.3701,16.4649,17.5289,15.5608,23.5597,13.5257,21.4596,15.3628,12.2386,7.2083,12.3291,5.4227,11.4858,9.5172,8.5161,13.4825,10.4173,5.3218,7.1992,12.2717,30.3961,25.4927,23.5583,22.5915,24.5915,18.5583,20.4927,22.3961,15.2717,22.2717,21.3961,23.4927,23.5583,14.5915,25.5915,17.5583,28.4927,24.3961,15.2717,15.2717,23.3961,34.4927,18.5583,12.5915,13.5915,18.5583,23.4927,17.3961,16.2717,15.2717,33.3961,25.4927,36.5583,14.5915,24.5915,29.5583,36.4927,24.3961,18.2717,22.2717,30.3961,31.4927,24.5583,23.5915,36.5915,25.5583,41.4927,23.3961,22.2717,26.2717,48.3961,37.4927,31.5583,30.5915,43.5915,25.5583,36.4927,29.3961,33.2717,19.2717,30.3961,35.4927,34.5583,22.5915,26.5915,31.5583,36.4927,27.3961,13.2717],[9.6863,10.7861,8.8627,7.9133,5.9376,9.9341,13.9033,15.8463,8.7638,6.6587,11.3023,23.4279,23.5253,19.5915,22.625,27.625,19.5915,28.5253,20.4279,15.3023,8.1854,11.3049,16.3973,14.4595,12.4902,10.4886,9.4548,16.3896,10.2945,11.1722,34.3023,44.4279,45.5253,41.5915,48.625,48.625,30.5915,46.5253,36.4279,29.3023,5.3023,14.4279,7.5253,10.5915,7.625,15.625,8.5915,11.5253,10.4279,10.3023,7.1326,5.2531,7.3469,4.4113,11.4447,12.4464,8.4161,8.355,5.264,6.146,25.3023,34.4279,25.5253,25.5915,24.625,29.625,25.5915,51.5253,28.4279,25.3023,14.2768,21.4004,20.4959,16.5605,17.5926,21.5914,22.557,25.4903,19.3927,18.2673,9.24109999999999,21.3633,13.4577,13.5216,15.5532,22.5522,11.5183,12.4525,13.3561,9.2324,11.3023,18.4279,16.5253,14.5915,12.625,21.625,19.5915,21.5253,12.4279,14.3023,10.3023,18.4279,15.5253,17.5915,13.625,14.625,11.5915,21.5253,10.4279,14.3023,14.3023,26.4279,20.5253,28.5915,19.625,29.625,15.5915,27.5253,22.4279,11.3023,8.3023,32.4279,29.5253,32.5915,19.625,31.625,25.5915,33.5253,21.4279,20.3023,14.3023,40.4279,38.5253,30.5915,20.625,31.625,19.5915,37.5253,27.4279,26.3023,24.3023,36.4279,34.5253,32.5915,27.625,25.625,31.5915,49.5253,31.4279,31.3023,21.3023,46.4279,32.5253,40.5915,26.625,37.625,18.5915,47.5253,25.4279,28.3023],[12.6835,9.7831,10.8598,9.9105,11.9348,10.9314,11.9007,16.8439,26.7618,11.6567,18.3023,32.4279,29.5253,27.5915,27.625,31.625,26.5915,29.5253,21.4279,22.3023,5.1799,11.2993,11.3915,8.4535,8.484,11.4825,6.4485,11.3834,7.2884,6.1664,32.3023,60.4279,53.5253,49.5915,42.625,70.6250000000001,48.5915,55.5253,39.4279,35.3023,13.3023,24.4279,23.5253,16.5915,16.625,21.625,20.5915,25.5253,19.4279,23.3023,11.1368,23.2572,13.3513,22.4157,17.4491,18.4506,15.4206,18.3591,15.2679,11.1497,23.3023,40.4279,41.5253,22.5915,21.625,41.625,18.5915,37.5253,29.4279,14.3023,9.2756,7.3991,20.4946,18.5591,16.5911,11.5898,12.5555,16.4887,13.3911,11.2657,6.2438,22.3661,10.4607,9.5246,9.5564,13.5553,10.5215,13.4556,10.3593,9.23539999999999,11.3023,30.4279,23.5253,24.5915,12.625,21.625,18.5915,31.5253,20.4279,13.3023,17.3023,30.4279,29.5253,23.5915,19.625,15.625,21.5915,28.5253,18.4279,23.3023,19.3023,32.4279,30.5253,33.5915,22.625,40.625,29.5915,51.5253,25.4279,23.3023,14.3023,26.4279,26.5253,31.5915,12.625,24.625,21.5915,26.5253,23.4279,16.3023,25.3023,38.4279,24.5253,22.5915,23.625,27.625,19.5915,38.5253,23.4279,26.3023,15.3023,28.4279,30.5253,23.5915,16.625,40.625,21.5915,31.5253,22.4279,18.3023,23.3023,33.4279,27.5253,32.5915,21.625,44.625,23.5915,31.5253,17.4279,18.3023],[5.655,9.7538,15.8295,14.8799,6.9039,17.901,16.8709,15.8144,20.7332,7.6293,14.2717,14.3961,25.4927,30.5583,19.5915,26.5915,27.5583,19.4927,9.3961,14.2717,9.1449,11.263,14.3541,15.4153,10.4455,10.4438,8.4103,13.3457,14.2515,18.1309,25.2717,42.3961,26.4927,40.5583,34.5915,44.5915,30.5583,43.4927,33.3961,32.2717,21.2717,20.3961,21.4927,22.5583,20.5915,27.5915,21.5583,25.4927,15.3961,19.2717,9.1116,10.2312,11.3244,12.3883,9.4214,14.423,6.393,13.3319,6.2412,13.1242,23.2717,38.3961,23.4927,45.5583,31.5915,29.5915,31.5583,50.4927,36.3961,39.2717,14.2441,21.3663,21.4609,19.5247,14.5563,31.5551,24.521,15.4548,14.358,17.2338,11.2163,14.3376,15.4315,12.495,11.5266,23.5256,18.4921,18.4268,10.3312,20.2084,8.2717,16.3961,13.4927,18.5583,23.5915,22.5915,15.5583,14.4927,10.3961,11.2717,12.2717,22.3961,20.4927,22.5583,22.5915,25.5915,13.5583,24.4927,22.3961,16.2717,15.2717,37.3961,22.4927,25.5583,18.5915,34.5915,24.5583,42.4927,29.3961,21.2717,15.2717,30.3961,25.4927,24.5583,21.5915,26.5915,22.5583,35.4927,23.3961,22.2717,27.2717,41.3961,29.4927,25.5583,30.5915,25.5915,18.5583,36.4927,27.3961,28.2717,20.2717,30.3961,26.4927,27.5583,20.5915,26.5915,29.5583,26.4927,27.3961,15.2717,15.2717,28.3961,27.4927,27.5583,16.5915,26.5915,20.5583,36.4927,18.3961,16.2717],[4.6017,5.6986,3.773,3.8227,3.846,4.8432,9.8139,6.7586,3.679,6.5774,21.2113,24.3334,26.4283,30.4927,28.5253,29.5253,19.4927,35.4283,21.3334,12.2113,10.0814,19.1969,13.286,10.3461,14.3755,18.3738,12.3409,14.2776,11.1851,9.0668,32.2113,45.3334,29.4283,40.4927,40.5253,46.5253,30.4927,67.4283000000001,35.3334,27.2113,14.2113,18.3334,14.4283,13.4927,14.5253,14.5253,11.4927,18.4283,18.3334,14.2113,7.0579,5.1754,6.267,9.3297,8.3622,10.3636,10.3341,5.2741,6.1851,5.0698,19.2113,27.3334,16.4283,28.4927,24.5253,31.5253,21.4927,26.4283,25.3334,13.2113,13.183,15.3028,12.3957,14.4582,14.4893,18.488,14.4544,12.3894,9.2943,10.1724,7.1594,14.2786,9.371,10.4333,6.4645,12.4635,5.4307,13.3665,6.2726,8.1519,18.2113,27.3334,30.4283,40.4927,22.5253,34.5253,28.4927,36.4283,22.3334,23.2113,13.2113,20.3334,27.4283,28.4927,20.5253,24.5253,15.4927,25.4283,22.3334,14.2113,20.2113,40.3334,33.4283,32.4927,21.5253,45.5253,25.4927,51.4283,28.3334,27.2113,23.2113,33.3334,20.4283,25.4927,25.5253,40.5253,27.4927,38.4283,21.3334,23.2113,20.2113,39.3334,28.4283,34.4927,27.5253,33.5253,21.4927,23.4283,27.3334,30.2113,18.2113,33.3334,30.4283,29.4927,21.5253,29.5253,25.4927,37.4283,33.3334,27.2113,12.2113,42.3334,28.4283,26.4927,29.5253,30.5253,19.4927,49.4283,29.3334,24.2113],[2.5647,5.6193,2.7313,5.74,7.7627,3.76,6.7316,3.678,5.6008,2.5422,17.1225,29.2412,21.3334,18.3961,20.4279,21.4279,9.3961,21.3334,25.2412,11.1225,3.9906,12.1025,16.1891,14.2474,6.276,15.2741,9.242,10.1804,11.0908,9.9759,30.1225,48.2412,45.3334,48.3961,42.4279,71.4279000000001,31.3961,80.3334000000001,51.2412,36.1225,19.1225,21.2412,25.3334,23.3961,20.4279,30.4279,20.3961,32.3334,16.2412,13.1225,9.9768,13.0911,7.1801,13.2413,6.273,15.2745,5.2453,14.1869,10.1002,10.9881,19.1225,34.2412,24.3334,24.3961,17.4279,31.4279,25.3961,20.3334,23.2412,24.1225,17.0937,29.2102,19.3003,20.3611,17.3913,32.39,16.3572,29.294,10.2016,12.0831,8.0744,18.1904,15.2803,14.3411,13.3715,19.3707,15.3385,25.2762,15.1848,8.0675,21.1225,37.2412,13.3334,27.3961,14.4279,18.4279,18.3961,28.3334,23.2412,15.1225,13.1225,25.2412,19.3334,11.3961,13.4279,20.4279,15.3961,19.3334,16.2412,16.1225,15.1225,44.2412,28.3334,33.3961,20.4279,42.4279,26.3961,42.3334,22.2412,26.1225,14.1225,30.2412,19.3334,29.3961,23.4279,31.4279,23.3961,42.3334,20.2412,30.1225,18.1225,35.2412,24.3334,23.3961,26.4279,19.4279,28.3961,36.3334,27.2412,19.1225,8.1225,27.2412,22.3334,31.3961,16.4279,35.4279,17.3961,25.3334,19.2412,10.1225,11.1225,33.2412,17.3334,17.3961,24.4279,32.4279,26.3961,17.3334,18.2412,17.1225],[2.4667,3.5178,2.6273,2.6738,2.6959,4.6536,2.6661,2.6148,2.5406,2.4459,15.0081,16.1225,19.2113,25.2717,15.3023,22.3023,14.2717,12.2113,11.1225,12.0081,5.8754,4.9831,5.0662,3.162,3.1894,4.1477,4.1168,3.0973,3.9713,2.9005,26.0081,66.1225,37.2113,41.2717,31.3023,57.3023,38.2717,52.2113,40.1225,40.0081,10.0081,15.1225,15.2113,13.2717,16.3023,13.3023,10.2717,15.2113,7.1225,8.0081,3.8708,7.981,4.0669,6.1258,3.1962,4.1577,9.1296,6.0732,3.9896,5.8813,14.0081,21.1225,24.2113,30.2717,28.3023,34.3023000000001,21.2717,33.2113,24.1225,23.0081,6.9792,14.0913,9.178,12.2365,9.2655,9.2642,8.2326,7.1717,3.1225,3.9685,9.9639,12.0758,9.1625,10.2212,6.2505,5.2497,10.2189,9.1587,12.0707,10.9576,11.0081,19.1225,11.2113,19.2717,7.3023,22.3023,11.2717,10.2113,10.1225,7.0081,4.0081,13.1225,10.2113,14.2717,11.3023,12.3023,15.2717,10.2113,7.1225,7.0081,20.0081,32.1225,24.2113,25.2717,19.3023,21.3023,15.2717,28.2113,20.1225,17.0081,24.0081,35.1225,23.2113,41.2717,26.3023,28.3023,23.2717,26.2113,22.1225,20.0081,9.0081,19.1225,16.2113,18.2717,13.3023,14.3023,9.2717,21.2113,15.1225,7.0081,9.0081,27.1225,21.2113,18.2717,8.3023,16.3023,16.2717,14.2113,16.1225,9.0081,14.0081,30.1225,18.2113,22.2717,22.3023,22.3023,26.2717,17.2113,18.1225,14.0081],[2.1032,2.1777,2.2336,2.2695,2.2844,2.2781,2.2507,2.2024,2.1355,2.051,10.9197,11.0263,8.1075,5.161,8.1854,5.1799,9.1449,10.0814,3.9906,5.8754,5.6577,4.7589,2.8768,5.8901,2.9564,3.9158,4.8877,6.8332,6.7535,3.6511,10.0081,24.1225,16.2113,14.2717,12.3023,12.3023,17.2717,21.2113,15.1225,9.0081,3.9399,9.0482,6.1311,8.1862,9.212,4.2079,6.1738,12.111,4.0206,3.9056,2.2751,2.3592,2.4237,2.4666,3.4475,2.4845,4.4191,4.3713,2.342,2.2539,6.0081,20.1225,12.2113,13.2717,15.3023,8.3023,11.2717,11.2113,10.1225,7.0081,3.7901,8.898,3.9817,10.0393,6.0687,9.0696,8.0418,8.986,5.9035,5.7972,2.5642,2.6581,2.7301,4.738,3.7603,2.797,2.768,2.7138,2.6362,2.5371,3.9904,9.1032,5.1905,6.2495,5.2789,6.2778,12.2463,6.1853,6.0961,4.9815,4.855,10.9621,7.0444,8.0996,11.1263,8.1236,11.0918,13.0319,6.9447,4.8336,7.8907,15.9946,11.0734,18.1245,13.1469,16.1397,14.1032,17.0386,9.9472,5.8318,9.9904,21.1032,11.1905,19.2495,9.27889999999999,13.2778,19.2463,28.1853,17.0961,4.9815,7.9624,13.0727,8.1577,18.2145,12.2418,14.239,11.2062,16.1441,8.0543,5.9396,7.9489,14.0581,11.1419,19.1976,10.224,12.2204,12.1869,19.1244,13.0342,3.9193,4.9643,12.0748,7.1599,8.21689999999999,8.24439999999999,5.2417,12.2089,9.147,9.0571,6.9424],[5.146,6.2233,4.2814,4.3187,5.3341,5.3275,6.299,5.2493,2.2192,2.1315,8.0296,17.1402,12.2244,13.2798,11.3049,11.2993,11.263,19.1969,12.1025,4.9831,4.7589,13.8638,5.9449,9,6.0273,6.0267,7.9975,11.9411,5.8584,3.7522,13.1225,21.2412,19.3334,24.3961,23.4279,14.4279,18.3961,25.3334,18.2412,4.1225,7.0514,12.1638,6.25,12.3071,15.3338,7.3294,15.2942,14.2289,12.1351,5.0159,2.3681,2.4554,3.4827,2.5669,2.5881,2.5851,5.5184,3.4683,2.4361,3.3043,7.1225,20.2412,9.3334,17.3961,13.4279,10.4279,14.3961,16.3334,17.2412,6.1225,2.9324,8.0043,8.0914,6.1507,7.1814,6.1823,8.1535,7.0956,5.0103,3.8999,4.6289,5.7267,5.8018,8.8514,4.875,3.8717,3.8416,4.7853,8.7044,2.6411,10.1032,16.2202,12.3108,22.372,17.4024,14.4012,14.3685,23.3051,15.2124,6.0936,3.0021,11.0733,5.1586,7.2159,5.2433,12.2405,7.2076,8.1451,7.0547,3.9393,7.0007,17.1087,10.1904,19.2436,10.2667,10.2593,9.2215,17.1544,10.0594,2.9796,6.1032,14.2202,11.3108,12.372,11.4024,10.4012,13.3685,16.3051,9.2124,4.0936,9.0751,11.1897,15.2778,7.3368,10.3652,6.3623,9.3282,10.2637,7.1706,3.0913,7.059,16.1721,8.2589,17.3166,12.3439,12.34,13.3051,13.24,10.1464,4.0272,8.0763,19.191,10.2792,22.3383,12.3668,8.3639,11.3299,27.2655,16.1723,8.0532],[2.25,6.2897,4.3494,5.3877,3.4037,5.3967,5.3674,5.316,4.2444,2.194,8.1147,17.2282,8.31479999999999,13.3716,16.3973,11.3915,14.3541,13.286,16.1891,5.0662,2.8768,5.9449,11.0283,5.0849,7.113,6.1122,5.0826,8.0244,5.9397,2.8701,13.2113,40.3334,11.4283,27.4927,23.5253,21.5253,20.4927,32.4283,26.3334,6.2113,6.1379,5.2536,9.3421,10.4008,8.4281,9.4237,9.3875,13.3203,9.2239,3.141,3.4021,8.492,6.5606,8.6063,6.6279,3.6248,8.5968,10.5451,7.4704,3.3753,13.2113,24.3334,13.4283,26.4927,28.5253,16.5253,16.4927,35.4283,15.3334,10.2113,5.9708,18.0858,10.175,16.2361,6.2673,8.26849999999999,11.2389,11.1796,8.0919,3.0183,5.7118,9.8127,4.8901,5.9417,5.9661,4.9627,5.9315,5.8735,9.7902,3.6841,6.1905,13.3108,7.4039,14.4667,10.4978,12.4965,12.4629,15.3977,13.3024,4.1801,7.0451,15.1592,8.2468,7.3055,8.3335,6.3307,11.2968,13.2325,8.1396,5.0209,7.0863,19.1973,17.2815,19.3361,15.3597,12.3521,21.3134,17.2443,14.1468,6.0237,7.1905,13.3108,9.4039,25.4667,11.4978,7.4965,14.4629,22.3977,17.3024,6.1801,9.1627,22.2805,11.3713,14.4318,13.4609,15.458,18.423,21.3568,11.2609,4.1384,9.1438,18.26,9.3491,25.4082,11.436,17.4319,23.3959,25.3291,15.2327,7.11,8.1631,8.281,9.3717,18.4323,7.4614,10.4586,12.4236,21.3574,8.2614,6.1389],[2.2943,6.3354,4.3962,2.4752,3.4516,3.4446,3.4145,3.3621,3.2887,2.2365,9.172,18.2876,7.3757,13.4334,14.4595,8.4535,15.4153,10.3461,14.2474,3.162,5.8901,9,5.0849,12.1425,6.1711,6.1704,4.1402,7.081,7.9945,2.9233,11.2717,17.3961,10.4927,22.5583,14.5915,12.5915,12.5583,19.4927,18.3961,4.2717,7.1967,12.3144,9.4047,14.4643,5.4921,9.4876,5.4507,8.3823,8.2842,4.1592,3.4544,3.5459,5.6159,11.6624,5.6842,6.6806,7.6518,3.5989,5.5225,4.4253,8.2717,14.3961,7.4927,24.5583,16.5915,14.5915,18.5583,18.4927,14.3961,6.2717,6.0226,12.1393,9.2303,9.2925,11.3245,8.3253,12.2953,10.2349,10.1459,4.0305,2.8107,6.874,4.9531,6.0059,5.0307,6.0272,4.9957,5.9369,2.8915,3.743,7.2495,9.372,5.4667,12.5305,11.5621,9.5608,10.5265,12.4601,11.363,9.2384,7.1007,11.2168,9.3061,12.3656,9.3942,6.3911,8.3565,12.291,7.1966,3.1154,6.1445,12.2577,8.3433,12.3989,10.4229,5.4154,8.3759,11.3055,10.2062,3.1206,9.2495,13.372,7.4667,19.5305,12.5621,13.5608,15.5265,10.4601,10.363,6.2384,7.2223,12.3423,13.4346,16.4963,14.526,13.5231,14.4874,19.4199,15.3222,5.1974,12.2007,10.3189,15.4094,25.4693,19.4975,8.4932,16.4565,12.3883,11.2901,5.1651,7.2219,17.3418,16.4342,12.4958,11.5255,7.5225,10.4868,15.4193,11.3217,8.1969],[5.2771,10.3587,7.4204,6.46,9.4762,4.469,7.4388,6.3859,8.3119,4.2189,9.20049999999999,10.3171,7.4058,10.4639,12.4902,8.48399999999999,10.4455,14.3755,6.276,3.1894,2.9564,6.0273,7.113,6.1711,8.2,5.1992,9.169,6.1092,8.0224,2.9499,14.3023,17.4279,15.5253,25.5915,18.625,11.625,18.5915,25.5253,14.4279,9.3023,5.2263,15.3452,5.436,10.4962,7.5243,8.51979999999999,10.4825,7.4134,6.3144,3.228,3.4838,3.5764,4.6469,4.6938,2.7553,4.7118,3.6824,4.6285,4.5509,2.4924,12.3023,17.4279,13.5253,20.5915,10.625,12.625,17.5915,14.5253,16.4279,5.3023,8.0466,13.1644,5.2557,11.3185,6.3506,6.3517,11.3214,12.2608,7.1708,7.0546,3.8044,8.909,4.9889,8.0423,5.0676,10.0641,7.0323,6.9729,6.8867,5.7771,8.2789,5.4024,7.4978,22.5621,7.594,6.5926,11.5579,9.4908,6.3929,4.2671,6.1281,6.2451,7.335,11.395,5.4238,7.4207,11.3855,8.3195,7.2242,3.1419,9.1741,16.2883,8.3748,18.4308,7.4552,8.44739999999999,11.4076,11.3366,6.2366,3.1498,7.2789,15.4024,9.4978,20.5621,8.594,7.5926,15.5579,17.4908,10.3929,7.2671,10.2524,16.3736,11.4667,12.529,9.559,13.5559,11.5199,15.452,12.3534,6.2274,9.2284,22.3474,6.4384,24.4988,12.5271,15.5227,19.4854,15.4165,8.3174,6.1912,6.2512,8.3723,12.4653,21.5275,10.5574,13.5543,18.5182,16.4502,9.3517,3.2655],[3.2778,6.3597,6.4211,3.4607,7.4769,6.4698,9.4396,12.3866,8.3125,2.2594,9.1994,23.3158,11.4043,12.4625,10.4886,11.4825,10.4438,18.3738,15.2741,4.1477,3.9158,6.0267,6.1122,6.1704,5.1992,6.1986,4.1683,4.1088,5.0217,2.9494,13.3023,12.4279,22.5253,26.5915,13.625,17.625,21.5915,31.5253,22.4279,8.3023,7.226,13.3448,12.4357,9.4959,7.524,9.5193,8.482,11.4131,9.314,5.1878,4.4899,12.5823,8.6528,9.6995,6.7212,5.7171,11.6876,8.6332,5.5555,2.4965,8.3023,20.4279,7.5253,8.5915,13.625,11.625,14.5915,19.5253,10.4279,6.3023,3.082,5.1598,7.2512,12.3136,9.34589999999999,5.3468,7.3168,6.256,5.1663,6.0502,3.8115,8.9161,5.9966,6.0501,5.0758,5.0725,5.0404,9.9805,5.8944,3.7847,4.2778,12.4012,9.4965,17.5608,12.5926,9.5911,6.5563,13.4893,6.3913,5.2655,8.12639999999999,14.2433,7.3331,16.3929,9.4217,9.41849999999999,9.38329999999999,10.3172,10.2217,4.0997,9.1743,14.2885,16.3749,23.4311,13.4555,15.4478,13.4078,16.337,11.2368,3.15,8.2778,12.4012,14.4965,16.5608,10.5926,8.5911,10.5563,15.4893,7.3913,4.2655,11.2524,12.3736,14.4667,13.529,13.559,11.5559,6.5199,21.452,12.3534,9.2274,7.226,16.3448,7.4357,15.4959,8.524,15.5193,13.482,15.4131,9.314,4.1878,9.2505,10.3715,9.4645,14.5266,11.5564,6.5532,9.5172,14.4491,17.3506,6.2246],[5.257,8.338,4.399,5.4379,9.4542,3.4472,5.4169,6.3643,8.2909,3.1987,8.1685,15.2838,11.3715,10.429,9.4548,6.4485,8.4103,12.3409,9.242,4.1168,4.8877,7.9975,5.0826,4.1402,9.169,4.1683,5.1381,5.0791,3.9928,4.8818,9.2717,17.3961,17.4927,17.5583,12.5915,16.5915,20.5583,19.4927,17.3961,7.2717,6.1958,15.3135,11.4035,15.4632,6.491,5.4864,8.4494,15.3811,13.2827,5.1577,4.4722,5.5637,5.6334,3.6796,4.7007,4.6965,3.667,7.6129,4.5358,2.4771,10.2717,14.3961,8.4927,23.5583,11.5915,8.5915,16.5583,22.4927,18.3961,5.2717,5.0094,12.1257,9.2162,11.2782,6.31,9.3111,14.2811,8.2212,4.1323,4.0176,3.792,6.8961,7.9763,7.0294,10.0546,6.0516,12.02,6.9608,5.8754,3.7662,5.2463,13.3685,4.4629,10.5265,10.5579,7.5563,10.5219,13.4554,8.3582,4.2336,5.0956,13.2114,6.3001,8.3595,9.3877,7.3845,11.3497,14.2842,9.1894,5.0685,8.1451,19.2583,8.344,18.3996,12.4238,10.4161,17.3767,18.3064,9.207,6.0816,8.2463,13.3685,7.4629,17.5265,5.5579,8.5563,15.5219,18.4554,11.3582,5.2336,7.2223,17.3423,12.4346,16.4963,13.526,7.5231,15.4874,14.4199,11.3222,6.1974,7.1937,15.3113,9.4011,19.4606,9.4882,9.4835,16.4465,9.378,11.2797,3.1945,5.2197,10.3395,9.4315,12.4931,5.5225,6.5195,10.4837,10.4161,6.3183,6.1935],[2.2542,4.2941,5.3536,4.3918,4.4079,2.4409,3.3713,3.3198,4.2478,2.1969,5.1088,14.2219,14.3079,15.3643,16.3896,11.3834,13.3457,14.2776,10.1804,3.0973,6.8332,11.9411,8.0244,7.081,6.1092,4.1088,5.0791,7.0215,5.9367,4.8277,11.2113,17.3334,10.4283,19.4927,17.5253,12.5253,21.4927,23.4283,17.3334,7.2113,5.1365,11.252,5.3404,6.3989,8.4262,6.4217,7.3854,13.3182,8.2216,4.0989,5.431,4.5209,7.5896,4.6346,3.6551,4.6507,3.6217,4.568,5.4919,2.4349,9.2113,12.3334,8.4283,13.4927,14.5253,9.5253,23.4927,10.4283,10.3334,5.2113,4.9491,5.0631,5.152,9.2127,8.244,5.2449,6.2158,15.1568,7.0701,2.9972,4.7464,8.8491,5.9279,7.9802,8.0052,5.0021,3.9713,5.9131,2.869,2.7616,9.1853,13.3051,15.3977,16.4601,14.4908,10.4893,16.4554,15.39,12.2945,6.1722,5.0366,13.15,11.2372,13.2954,9.3231,11.3197,7.2855,8.2212,9.1282,4.0095,10.0872,21.1984,14.2825,29.3372,11.3609,14.3535,16.3147,21.2458,13.148,4.0249,7.1853,15.3051,8.3977,17.4601,13.4908,12.4893,23.4554,21.39,12.2945,6.1722,9.1627,10.2805,11.3713,12.4318,11.4609,14.458,12.423,14.3568,13.2609,8.1384,7.1325,24.2475,11.3357,19.3939,19.4208,9.4161,10.3796,14.3122,16.2157,6.093,7.1595,15.277,12.3675,10.4278,12.4567,9.4535,11.4184,21.3521,12.2561,5.1336],[3.1519,4.2292,3.2873,3.3244,5.3399,4.3329,3.3042,2.294,2.224,2.1358,6.0218,10.1314,6.2151,12.2698,10.2945,7.2884,14.2515,11.1851,11.0908,3.9713,6.7535,5.8584,5.9397,7.9945,8.0224,5.0217,3.9928,5.9367,13.8544,5.7486,10.1225,27.2412,14.3334,24.3961,21.4279,20.4279,16.3961,41.3334,23.2412,6.1225,6.0494,9.1616,8.2476,13.3045,10.3311,9.3267,9.2912,11.2259,10.1321,4.0128,2.4076,8.455,4.5217,7.5655,4.5852,4.581,5.5523,4.4999,4.4255,2.3709,11.1225,18.2412,9.3334,16.3961,15.4279,10.4279,15.3961,9.3334,8.2412,4.1225,7.8629,16.9738,8.0599,14.119,7.1492,9.1504,8.1219,15.0647,7.9804,2.911,7.6761,13.776,4.8528,9.9043,6.9289,9.9259,4.8955,9.8389,11.7571,3.6527,6.0961,12.2124,13.3024,19.363,10.3929,12.3913,11.3582,11.2945,6.2018,5.0829,8.9508,14.0609,9.1454,8.2019,9.2289,8.2257,8.1922,8.1295,7.0392,2.9637,7.002,21.11,11.1919,21.2451,11.2684,14.261,15.2232,21.1561,9.0613,4.9416,4.0961,16.2124,7.3024,13.363,7.3929,10.3913,14.3582,15.2945,10.2018,7.0829,8.0751,14.1897,8.2778,22.3368,6.3652,10.3623,14.3282,22.2637,12.1706,3.0913,8.0435,13.1552,7.2406,12.2971,11.3232,8.3185,9.2828,10.2171,10.1233,3.0438,8.0714,11.1856,9.2734,12.3321,10.3603,9.3572,8.3228,18.2583,10.165,3.0857],[2.1104,2.1851,2.2409,2.2767,2.2914,2.2847,3.2172,2.2087,2.1414,2.0563,7.9099,15.0157,9.096,11.1486,11.1722,6.1664,18.1309,9.0668,9.9759,2.9005,3.6511,3.7522,2.8701,2.9233,2.9499,2.9494,4.8818,4.8277,5.7486,3.6467,14.0081,29.1225,15.2113,21.2717,14.3023,18.3023,24.2717,24.2113,20.1225,5.0081,3.9373,5.0455,4.1282,7.183,6.2086,5.2043,9.1702,11.1071,6.0169,2.9417,2.324,4.3684,2.472,5.4744,4.4933,2.5288,2.5009,3.4105,2.3781,2.2867,7.0081,13.1225,9.2113,9.2717,9.3023,8.3023,11.2717,12.2113,10.1225,5.0081,2.7933,3.8601,2.9828,5.9999,3.0688,4.0301,6.0027,3.9476,5.8665,3.7614,2.6227,9.6794,3.7535,6.8032,2.8669,2.8641,6.7952,4.7405,4.6614,3.5606,8.9815,13.0936,7.1801,9.2384,5.2671,6.2655,14.2336,5.1722,4.0829,3.0081,2.8806,5.9468,9.0282,9.0824,4.1082,6.1051,6.0729,8.0124,6.9255,2.8541,8.8921,8.9963,9.0752,7.1264,11.1488,9.1418,11.1054,10.0408,9.9494,2.8739,4.9815,14.0936,11.1801,10.2384,10.2671,10.2655,10.2336,18.1722,7.0829,3.0081,7.9624,8.0727,7.1577,14.2145,7.2418,12.239,5.2062,13.1441,10.0543,4.9396,4.9297,12.0372,9.1193,8.1735,6.1985,5.1937,8.1593,13.096,6.0056,2.9304,8.9583,15.0682,9.1528,12.2092,12.2363,4.2333,7.2002,14.1379,11.0481,3.9333],[3.4725,2.6061,2.6789,2.7282,2.7529,2.7523,2.7267,2.6766,2.603,2.5085,24.0081,31.1225,30.2113,22.2717,34.3023,32.3023,25.2717,32.2113,30.1225,26.0081,10.0081,13.1225,13.2113,11.2717,14.3023,13.3023,9.2717,11.2113,10.1225,14.0081,51.0081,54.1225,65.2113,46.2717,55.3023,77.3023000000001,50.2717,47.2113,57.1225,73.0081,14.0081,15.1225,13.2113,11.2717,15.3023,8.3023,10.2717,14.2113,20.1225,15.0081,4.0081,5.1225,6.2113,4.2717,5.3023,4.3023,5.2717,5.2113,4.1225,5.0081,46.0081,50.1225,61.2113,24.2717,61.3023,49.3023,38.2717,30.2113,54.1225,42.0081,24.0081,23.1225,34.2113,24.2717,17.3023,18.3023,15.2717,18.2113,27.1225,27.0081,9.0081,5.1225,5.2113,5.2717,6.3023,5.3023,5.2717,5.2113,5.1225,6.0081,7.0081,15.1225,15.2113,10.2717,10.3023,14.3023,12.2717,17.2113,14.1225,16.0081,27.0081,28.1225,43.2113,29.2717,33.3023,41.3023,22.2717,33.2113,33.1225,31.0081,59.0081,65.1225,65.2113,52.2717,53.3023,41.3023,45.2717,36.2113,60.1225,65.0081,38.0081,52.1225,71.2113,33.2717,36.3023,68.3023000000001,42.2717,51.2113,54.1225,57.0081,37.0081,44.1225,73.2113,38.2717,45.3023,57.3023,37.2717,38.2113,46.1225,34.0081,30.0081,44.1225,52.2113,25.2717,29.3023,38.3023,30.2717,33.2113,40.1225,42.0081,19.0081,24.1225,30.2113,20.2717,24.3023,30.3023,23.2717,24.2113,29.1225,26.0081],[8.572,9.6695,7.7455,2.8365,8.8224,7.8218,6.7954,5.7433,5.6668,6.5685,48.1225,53.2412,64.3334,55.3961,44.4279,60.4279,42.3961,45.3334,48.2412,66.1225,24.1225,21.2412,40.3334,17.3961,17.4279,12.4279,17.3961,17.3334,27.2412,29.1225,54.1225,97.2412,74.3334000000001,66.3961,86.4279000000001,99.4279000000001,69.3961,71.3334000000001,109.2412,90.1225,40.1225,37.2412,59.3334,37.3961,42.4279,27.4279,31.3961,55.3334,43.2412,30.1225,10.1225,8.2412,6.3334,5.3961,5.4279,7.4279,6.3961,5.3334,6.2412,7.1225,48.1225,70.2412,74.3334000000001,40.3961,47.4279,63.4279,61.3961,48.3334,70.2412,63.1225,18.1225,21.2412,30.3334,22.3961,16.4279,20.4279,17.3961,22.3334,29.2412,24.1225,24.1225,17.2412,22.3334,17.3961,11.4279,16.4279,11.3961,13.3334,17.2412,16.1225,45.1225,58.2412,77.3334000000001,53.3961,57.4279,50.4279,59.3961,55.3334,68.2412,53.1225,25.1225,28.2412,32.3334,18.3961,24.4279,32.4279,24.3961,20.3334,33.2412,36.1225,40.1225,64.2412,69.3334000000001,42.3961,36.4279,47.4279,33.3961,44.3334,48.2412,57.1225,35.1225,47.2412,62.3334,36.3961,41.4279,52.4279,34.3961,32.3334,46.2412,50.1225,22.1225,27.2412,38.3334,23.3961,27.4279,30.4279,26.3961,21.3334,23.2412,33.1225,45.1225,52.2412,64.3334,46.3961,48.4279,43.4279,30.3961,45.3334,43.2412,52.1225,64.1225,52.2412,90.3334000000001,54.3961,55.4279,64.4279,56.3961,54.3334,69.2412,65.1225],[8.6499,15.7503,18.8284,8.8813,12.9078,14.9075,14.8801,9.8266,11.7478,8.6468,43.2113,51.3334,53.4283,41.4927,45.5253,53.5253,26.4927,29.4283,45.3334,37.2113,16.2113,19.3334,11.4283,10.4927,15.5253,22.5253,17.4927,10.4283,14.3334,15.2113,65.2113,74.3334000000001,123.4283,83.4927,68.5253000000001,119.5253,86.4927,88.4283000000001,143.3334,105.2113,20.2113,30.3334,36.4283,15.4927,39.5253,32.5253,23.4927,28.4283,34.3334,26.2113,23.2113,28.3334,25.4283,19.4927,24.5253,37.5253,23.4927,25.4283,22.3334,23.2113,76.2113,98.3334000000001,133.4283,90.4927,93.5253000000001,110.5253,75.4927,93.4283000000001,122.3334,94.2113,28.2113,36.3334,44.4283,29.4927,32.5253,38.5253,31.4927,30.4283,37.3334,34.2113,17.2113,23.3334,24.4283,21.4927,18.5253,22.5253,11.4927,7.4283,18.3334,17.2113,46.2113,52.3334,57.4283,38.4927,32.5253,51.5253,32.4927,37.4283,54.3334,52.2113,23.2113,33.3334,44.4283,34.4927,18.5253,36.5253,31.4927,27.4283,33.3334,39.2113,50.2113,68.3334000000001,91.4283000000001,51.4927,66.5253,82.5253000000001,51.4927,55.4283,80.3334000000001,73.2113,45.2113,57.3334,79.4283000000001,55.4927,55.5253,53.5253,54.4927,42.4283,79.3334000000001,62.2113,50.2113,59.3334,61.4283,56.4927,57.5253,60.5253,45.4927,42.4283,64.3334,44.2113,61.2113,75.3334000000001,65.4283,51.4927,69.5253000000001,70.5253000000001,47.4927,58.4283,78.3334000000001,72.2113,59.2113,48.3334,72.4283000000001,41.4927,57.5253,61.5253,40.4927,42.4283,73.3334000000001,62.2113],[10.7038,11.8065,10.8862,4.9401,12.9673,7.967,8.9393,7.8848,9.8045,12.7013,33.2717,47.3961,57.4927,40.5583,41.5915,49.5915,4