[[0.3828,0.3839,0.3845,0.3848,0.3851,0.3852,0.3849,0.3846,0.3838,0.3833,0.6964,2.689,4.69000000000001,2.6905,7.6909,10.691,3.6905,2.6898,0.6976,0.6962,0.5837,3.576,0.585599999999999,0.586399999999999,3.5779,1.57779999999999,3.5775,0.5855,1.576,0.5838,1.70429999999999,6.70590000000001,6.70690000000001,8.7076,15.7081,17.7082000000001,13.7079,9.7071,5.70610000000001,0.7135,0.705,2.6974,2.6984,1.69899999999999,4.6993,3.6992,3.699,1.69809999999999,1.69699999999999,0.7044,0.469899999999999,0.470599999999999,1.4624,0.471799999999999,0.472099999999999,0.472099999999999,0.471799999999999,1.4624,0.470599999999999,0.469599999999999,0.7309,1.72349999999999,12.7245,5.72520000000001,4.7256,18.7256000000001,12.7252,8.7243,1.72319999999999,2.7218,0.662,1.65439999999999,1.65539999999999,2.656,4.6561,2.6559,3.6556,2.6549,2.6538,0.6613,0.521699999999999,0.522899999999999,1.5148,0.524099999999999,0.524399999999999,0.524499999999999,1.5154,0.523899999999999,0.523199999999999,0.522099999999999,1.66159999999999,1.66279999999999,2.6638,2.6644,3.6647,6.6647,1.66429999999999,1.66349999999999,2.6626,0.67,0.6527,0.6538,5.64600000000001,2.6468,4.647,8.64700000000001,3.6466,3.6459,5.64490000000001,0.6525,0.6961,3.6886,7.68950000000001,8.69030000000001,7.6904,16.6904000000001,11.6902,5.68940000000001,6.68820000000001,0.6957,1.72239999999999,2.7236,8.7246,6.7254,10.7256,20.7255000000001,17.7250000000001,5.72400000000001,6.72290000000001,0.7302,2.7398,2.7413,11.7423,7.743,16.7432000000001,7.7433,16.7429000000001,5.74220000000001,1.74089999999999,0.7482,0.6617,3.6541,3.655,2.6557,5.6559,11.6559,12.6555,1.65469999999999,3.6537,0.6612,1.67029999999999,0.6803,5.67230000000001,1.67309999999999,6.6733,2.6733,4.6728,4.67220000000001,1.67109999999999,0.6784],[0.3839,3.3759,0.3852,1.3769,0.386,0.3859,2.3769,1.3763,1.3759,1.3751,4.68900000000001,3.6903,8.69140000000001,4.6921,8.69240000000002,7.6924,7.6921,3.6912,3.6901,1.68869999999999,0.5847,4.5771,4.5779,4.5787,8.57880000000002,4.5788,6.5786,2.578,2.5771,0.585,0.7147,7.70740000000001,13.7084,9.70930000000001,19.7098000000001,35.7098,25.7094000000001,1.70859999999999,0.7164,0.715,0.7065,6.69900000000001,4.6999,2.7007,9.70090000000002,10.7009,7.7005,4.6997,8.6985,0.7059,0.470799999999999,0.471599999999999,0.472399999999999,1.4642,0.473299999999999,2.4643,2.4642,0.472399999999999,0.471499999999999,0.470599999999999,1.72369999999999,3.7251,10.7261,6.727,13.7272,14.7272,10.7268,6.7259,2.7247,0.7321,0.6634,0.6646,7.6566,0.6661,4.6574,3.6574,3.657,1.65619999999999,1.65499999999999,0.6626,0.522899999999999,0.523999999999999,3.5161,4.5167,1.5169,2.517,3.5168,3.5163,0.524399999999999,0.523399999999999,0.6717,4.6642,11.6651,5.6659,12.6662,12.6662,10.6658,4.6649,0.6727,0.6714,0.6541,3.6465,4.6475,3.6483,3.6485,8.64840000000002,5.6481,1.64739999999999,2.6464,0.6539,0.6976,3.6901,6.691,4.6919,7.6922,18.6921000000001,11.6917,0.6997,3.6899,0.6972,0.7329,1.72529999999999,3.7263,4.7271,10.7273,14.7271,9.72660000000001,4.7257,6.72450000000001,0.7317,0.7501,1.74279999999999,3.7438,4.7447,9.74510000000002,2.745,9.74440000000002,2.7436,4.74260000000001,0.7497,0.6631,4.6555,6.6565,5.6571,5.6574,9.65740000000002,8.65690000000002,3.6561,0.6639,0.6625,2.6717,3.6728,8.67380000000001,17.6747000000001,13.6749,16.6749000000001,8.67420000000002,9.67340000000001,2.6725,0.6797],[0.3845,0.3852,6.3771,0.3864,3.3778,2.3777,2.3776,1.377,0.3852,0.3845,1.68999999999999,2.6914,5.6924,2.693,6.6933,8.69330000000003,13.6929,1.69219999999999,0.7,0.6985,0.5856,2.5779,2.5787,2.5794,5.5796,4.5796,2.5794,3.5786,1.57789999999999,0.5858,0.7158,5.7084,16.7095000000001,8.71030000000003,28.7107000000001,28.7107000000001,28.7104000000001,11.7097,4.7087,1.70739999999999,0.7076,4.6999,2.7009,1.70179999999999,2.7019,6.7018,3.7015,1.70059999999999,2.6996,0.707,0.471599999999999,3.4637,7.4643,1.4649,5.4649,6.4649,5.4647,0.473099999999999,1.4635,0.471499999999999,0.7336,6.7261,14.7271,11.728,16.7283000000001,16.7282000000001,19.7278000000001,4.7269,8.7259,0.7332,0.6643,4.6565,1.65749999999999,4.6582,3.6583,6.6583,5.6579,1.65709999999999,2.656,0.6635,0.523699999999999,0.524899999999999,0.525599999999999,2.5174,1.5177,2.5176,3.5174,1.5171,0.524999999999999,0.524299999999999,0.6728,2.6651,3.666,4.6668,9.66700000000003,9.66710000000004,9.66670000000003,2.6658,2.6648,0.6724,0.6551,1.64749999999999,2.6485,2.6492,5.6493,6.6493,4.6491,3.6483,1.64739999999999,0.655,0.6987,6.6911,14.692,4.6929,16.6931000000001,25.6931000000001,18.6928000000001,4.6919,2.6909,0.6984,0.7339,1.72629999999999,4.7273,3.7282,13.7282,22.7282000000001,17.7276000000001,8.72670000000001,3.7256,0.7328,2.7422,5.7436,8.74470000000002,9.74550000000003,10.7461,14.746,14.7455,4.7445,2.7435,2.742,1.65539999999999,4.6565,13.6574,5.6581,16.6583000000001,26.6582000000001,26.6579000000001,6.657,3.6561,0.6636,0.6815,8.67380000000001,7.6747,3.6756,26.6758000000001,15.6756,10.6752,7.6743,3.6733,0.6808],[0.3848,1.3769,0.3864,3.378,0.3869,2.378,2.3779,0.3863,0.3857,0.385,0.6995,6.6921,2.693,5.6938,5.6942,7.6942,12.6936,1.69279999999999,3.6919,0.6992,0.5862,2.5784,3.5792,0.5888,4.5804,1.58039999999999,3.58,2.5792,1.57839999999999,0.5863,0.7165,0.7179,6.7102,2.711,10.7115,6.7114,10.7112,4.7104,1.70939999999999,1.70809999999999,2.6995,4.7006,2.7016,6.7025,5.7028,8.70270000000004,7.7022,4.7013,4.7003,0.7077,0.472299999999999,1.4643,1.4649,0.474299999999999,5.4656,6.4655,5.4653,1.4647,1.4642,0.471999999999999,0.7343,3.7268,7.7278,5.7287,18.7290000000001,17.7291000000001,17.7286000000001,2.7276,4.7266,0.734,1.65609999999999,2.6573,7.6582,5.6589,9.65930000000005,8.65900000000005,6.6585,3.6577,2.6567,0.6641,0.524499999999999,1.5166,1.5176,0.526999999999999,4.5183,2.5184,3.5182,1.5176,2.517,0.524899999999999,0.6735,3.6657,5.6667,2.6675,10.6678,9.66760000000004,9.66740000000004,7.6665,3.6655,0.673,0.6557,2.6481,1.64909999999999,4.6497,5.6501,7.6501,7.6499,4.649,0.6568,0.6557,0.6995,0.7007,3.6928,2.6936,4.6939,6.6939,4.6935,6.6927,1.69159999999999,0.6991,2.7258,1.72699999999999,7.728,5.7288,8.72910000000005,9.72890000000004,12.7284,5.7274,1.72639999999999,0.7336,0.7518,5.7445,12.7454,3.7462,5.7468,10.7468000000001,11.7462,2.7453,3.7442,1.74269999999999,0.6647,1.65699999999999,6.658,5.6587,13.659,18.6590000000001,22.6585000000001,3.6576,0.6654,0.6642,0.6822,3.6745,7.6755,1.67629999999999,14.6764,14.6763,10.676,2.6751,1.67399999999999,0.6815],[0.3851,0.386,3.3778,0.3869,2.3781,5.3782,6.378,2.3777,2.3771,0.3853,0.6999,0.7012,2.6934,5.6943,3.69489999999999,9.69480000000006,4.6941,1.69319999999999,5.6922,0.6995,0.5862,3.5785,1.57939999999999,1.58029999999999,7.58069999999999,5.58069999999999,7.5804,2.5795,3.5786,0.5864,0.7169,6.7097,10.7107,10.7117,18.7121000000001,13.7122000000001,26.7118000000001,10.7109,4.7098,0.7173,0.7087,1.70109999999999,3.7021,2.7031,1.70349999999999,4.70349999999999,0.7116,2.7018,1.70079999999999,0.7081,0.472599999999999,0.473499999999999,0.474199999999999,1.466,1.4663,1.4661,5.4657,1.4652,1.4645,0.472599999999999,0.7348,2.7273,10.7284,6.7293,15.7297000000001,17.7296000000001,16.7292000000001,3.7282,1.72709999999999,0.7344,0.6651,2.6576,3.6586,2.6594,7.65959999999999,9.65960000000005,10.6589,4.6579,0.6658,0.6644,0.524799999999999,0.525799999999999,5.5179,1.5187,9.51900000000004,7.5189,9.51880000000004,1.5181,1.5173,0.525299999999999,0.6737,3.6662,2.6672,4.6682,5.6683,2.6682,8.66780000000005,7.6669,1.66579999999999,0.6733,0.6561,1.64859999999999,4.6496,1.65029999999999,8.65070000000005,5.65089999999999,6.6505,2.6495,0.6573,0.6562,1.69109999999999,1.69239999999999,5.6934,6.6943,5.69459999999999,15.6946000000001,10.6941,2.6932,1.69209999999999,0.6995,1.72629999999999,2.7276,9.72860000000004,2.7294,10.7297000000001,21.7297000000001,17.7290000000001,3.728,2.7268,0.734,1.74329999999999,2.7449,6.7459,2.7469,9.74740000000006,10.7474000000001,8.74670000000005,2.7457,2.7445,1.74289999999999,0.6651,4.6575,10.6585,5.6593,10.6596000000001,20.6596000000001,19.6591000000001,3.6581,1.65709999999999,0.6646,0.6825,2.675,3.676,0.6856,14.6770000000001,8.67690000000005,13.6765,4.6755,2.6743,0.6819],[0.3852,0.3859,2.3777,2.378,5.3782,5.3781,4.3781,1.3776,0.386,0.3853,1.69109999999999,1.69229999999999,5.6934,9.69440000000005,7.69469999999999,8.69460000000005,15.6941,2.6932,1.69209999999999,2.6907,0.5861,3.5785,3.5793,1.58019999999999,2.5805,4.5805,1.58039999999999,0.5883,2.5785,0.5863,0.717,5.7097,12.7107,5.7116,14.7122000000001,22.7122000000001,29.7118000000001,7.7109,5.7098,0.7173,1.69989999999999,4.7011,4.7021,0.7119,6.70349999999999,7.70349999999999,8.70280000000005,5.7018,3.7008,0.7081,0.472799999999999,3.4647,2.4656,3.4661,4.4662,2.4662,5.466,2.4653,0.473399999999999,0.472799999999999,1.72599999999999,2.7273,6.7284,3.7294,13.7296000000001,8.72960000000005,12.7291,8.72820000000003,2.727,0.7344,1.65629999999999,1.65759999999999,2.6585,2.6591,6.65959999999999,4.65959999999999,5.6589,2.658,3.657,1.65559999999999,0.524899999999999,1.5171,1.5179,1.5188,0.527899999999999,3.5191,4.5188,1.5183,1.5174,0.525299999999999,0.6738,3.6662,4.6672,3.668,5.6683,10.6682000000001,12.6678,2.6669,1.66579999999999,0.6733,0.6561,3.6486,6.6496,5.6503,8.65080000000005,10.6508000000001,6.6505,5.6495,0.6573,0.6561,0.6999,3.6924,13.6934,6.6944,11.6947000000001,8.69460000000005,12.6941,2.6932,2.6922,0.6995,0.7351,2.7276,3.7286,5.7294,9.72970000000006,12.7297000000001,9.72900000000005,5.728,0.7356,0.734,1.74329999999999,2.7449,8.74590000000004,2.7467,11.7474000000001,7.74719999999999,13.7466,1.74569999999999,1.74459999999999,0.7517,0.6651,2.6575,7.6585,6.6593,7.65959999999999,13.6594000000001,20.6591000000001,2.6581,1.65709999999999,0.6645,0.6825,2.675,3.6759,5.6767,11.6770000000001,4.6769,14.6765,4.6755,2.6743,0.6819],[0.3849,2.3769,2.3776,2.3779,6.378,4.3781,7.3778,1.3776,0.3858,0.3853,0.6995,2.6919,3.6929,4.6937,11.6939,9.69380000000004,14.6935,7.6928,4.6916,0.6991,0.5858,4.5781,3.579,1.57959999999999,5.5799,7.5799,3.5797,1.57899999999999,1.57819999999999,1.5771,0.7165,4.709,12.7101,6.711,12.7114,21.7115000000001,9.71130000000004,5.7103,2.7093,0.7169,1.69949999999999,3.7006,9.70160000000003,4.7025,11.7028,5.7027,13.7022,3.7013,2.7003,0.7077,0.4724,0.4735,1.4654,0.474599999999999,3.466,4.4661,6.4658,0.473999999999999,0.473299999999999,0.472399999999999,0.7344,7.7268,9.72780000000003,3.7287,19.7290000000001,16.7289000000001,8.72850000000004,8.72760000000002,2.7265,0.733900000000001,1.65589999999999,2.657,5.6578,3.6585,9.65890000000004,8.65880000000004,10.6584,3.6575,1.65649999999999,0.6638,0.524799999999999,5.5169,6.5177,2.5185,9.51890000000004,7.5189,10.5187,2.518,1.5173,0.5251,0.6733,0.6744,4.6666,4.6673,8.66760000000004,8.66760000000004,8.66720000000004,1.66629999999999,5.6653,0.6729,0.6558,2.6482,7.6492,2.6499,11.6501,6.6501,10.6498,2.649,1.64809999999999,0.6557,0.6995,4.6919,8.69290000000003,2.6938,9.69410000000005,14.694,17.6936000000001,6.6927,1.69169999999999,0.6991,1.72579999999999,4.727,6.728,13.7288,16.7291000000001,14.7289,11.7284,3.7274,3.7264,0.733600000000001,0.751500000000001,2.7442,5.7453,3.7461,12.7464,14.7465,10.746,6.7451,2.744,1.74249999999999,0.6647,4.657,7.658,4.6587,11.6588,10.6588,5.6584,4.6576,0.6653,0.6641,0.6821,3.6745,5.6754,7.676,4.6763,11.6763,9.67590000000004,1.67489999999999,0.6827,0.6815],[0.3846,1.3763,1.377,0.3863,2.3777,1.3776,1.3776,1.3769,0.3852,0.3846,0.6987,3.6911,6.6921,8.69280000000003,13.6931,14.6931,13.6928,4.6919,1.69079999999999,0.6983,0.585,3.5775,3.5782,1.57879999999999,4.5791,10.5791,4.5789,1.57829999999999,0.5863,0.5853,0.7158,3.7083,7.7094,5.7103,18.7106000000001,17.7107000000001,30.7105000000001,4.7097,1.70869999999999,1.70749999999999,0.7076,2.7,1.70089999999999,5.7018,5.7019,9.70190000000003,3.7015,2.7006,2.6995,0.707000000000001,0.4721,1.4643,2.465,0.4741,1.4656,4.4655,0.4742,1.465,0.4729,0.4721,0.7335,5.726,7.727,6.7279,8.72820000000003,11.7282,5.7278,3.7268,2.7258,0.733200000000001,0.664,1.65639999999999,2.6573,3.658,6.6581,6.6581,9.65760000000002,4.6568,0.6646,0.6631,0.5242,0.5253,2.5171,2.5179,0.527,3.5183,4.5181,0.5264,2.5167,0.5246,0.6726,4.665,9.66580000000002,5.6666,12.6668,14.6668,10.6665,6.6657,0.6735,0.6722,0.6552,1.64749999999999,7.6485,2.6493,5.6494,9.64930000000003,7.6491,2.6484,1.64739999999999,0.655,0.6989,3.6912,12.6922,4.6931,10.6933,11.6933,20.6930000000001,5.6921,3.6911,0.6986,0.7339,6.7263,6.7273,6.7281,15.7282,14.7281,11.7276,5.7267,3.7256,0.732800000000001,0.750800000000001,0.752200000000001,3.7446,4.7452,5.7455,14.7455,15.7451,1.74439999999999,0.752100000000001,0.750500000000001,0.6641,2.6564,8.65730000000002,3.6579,22.6581000000001,8.65800000000003,8.65780000000003,7.657,4.6559,0.6635,0.6813,1.67369999999999,3.6745,7.6753,9.67550000000003,12.6755,9.67510000000003,0.683,5.6733,0.6807],[0.3838,1.3759,0.3852,0.3857,2.3771,0.386,0.3858,0.3852,6.3759,0.384,0.6975,3.6901,4.691,4.6918,6.6922,24.6922000000001,18.6918000000001,1.69089999999999,3.6899,0.6973,0.584,0.5853,2.5774,1.57789999999999,6.5782,6.5782,6.5781,2.5775,0.5854,0.5842,0.7147,3.7073,9.7084,7.7093,17.7097000000001,17.7097000000001,26.7094000000001,4.7086,4.7075,0.7151,0.7065,1.69899999999999,7.7,5.7007,4.701,10.7009,12.7005,5.6996,2.6986,0.705900000000001,0.4715,3.4636,4.4642,2.4645,1.4648,3.4649,4.4648,2.4643,0.4723,0.4715,0.7324,1.72489999999999,9.72600000000001,1.72689999999999,7.7272,7.7271,10.7267,7.7258,1.72479999999999,0.732000000000001,1.65419999999999,4.6554,4.6563,2.6569,10.6572,9.65710000000002,6.6566,0.6647,1.65479999999999,0.6621,0.5237,2.5159,1.5165,7.5173,7.5175,8.51760000000002,6.5174,1.5169,1.5161,0.5242,0.6715,4.66400000000001,4.6649,3.6656,7.6658,11.6658,6.6655,3.6647,1.66359999999999,0.6711,0.6542,0.6553,3.6475,4.6484,2.6486,3.6486,4.6482,2.6474,2.6464,0.654,1.68899999999999,1.69029999999999,9.69120000000001,5.6921,22.6924000000001,15.6924,11.692,1.69109999999999,1.68999999999999,0.6975,0.7328,3.7253,4.7263,4.7271,10.7271,15.7271,11.7266,4.7257,2.7244,0.731700000000001,2.7408,3.7422,3.7434,1.74419999999999,7.7444,10.7443,7.744,2.7432,4.74200000000001,0.749300000000001,0.6629,0.6641,4.6563,6.6569,9.65720000000002,13.6572,5.6568,2.6559,0.6637,0.6624,1.67139999999999,1.67269999999999,7.6735,3.6743,10.6745,5.6746,14.6741,5.6733,3.6722,0.6796],[0.3833,1.3751,0.3845,0.385,0.3853,0.3853,0.3853,0.3846,0.384,0.3836,0.696,0.6973,5.68960000000001,2.6902,4.6904,9.69040000000001,5.69020000000001,4.68950000000001,0.6971,0.6958,0.5828,0.5841,0.585,0.5855,2.5769,0.5858,1.5767,0.5849,0.584,0.5829,0.713200000000001,4.70580000000001,6.70680000000001,10.7077,16.7082000000001,19.7081000000001,22.7078000000001,6.70690000000001,3.706,0.7135,0.7049,1.69739999999999,5.69840000000001,3.6992,1.69929999999999,5.6992,6.69890000000001,3.6981,1.69699999999999,0.7045,0.4705,0.4715,3.4634,2.4638,2.4641,3.4641,2.464,0.4721,0.4714,1.4616,1.72209999999999,2.7234,3.7244,5.72530000000001,5.7254,10.7254,11.725,4.72420000000001,4.72300000000001,0.7304,0.6614,0.6625,2.6547,1.65529999999999,1.65549999999999,0.6643,0.6639,2.6544,0.6621,0.6607,0.5227,0.5237,1.5156,0.5251,3.5167,2.5167,2.5164,0.5247,1.5152,0.523,0.67,1.66239999999999,3.6633,2.664,2.6643,5.6642,4.66400000000001,0.6719,2.6621,0.6696,0.6529,1.64519999999999,2.6461,1.64689999999999,1.64719999999999,6.6471,4.6467,1.64599999999999,1.64509999999999,0.6526,0.6964,2.6889,3.6899,7.6906,6.6908,6.6908,4.6904,2.6896,1.68859999999999,0.696,1.72239999999999,5.72360000000001,3.7246,6.72530000000001,7.7256,12.7254,8.725,1.72399999999999,1.72289999999999,0.730200000000001,0.7479,2.7406,3.7417,5.74230000000001,5.74260000000001,5.74270000000001,6.74220000000001,2.7415,0.749100000000001,0.7476,0.6615,6.65390000000001,3.6548,2.6555,6.6557,5.6556,4.65520000000001,6.65450000000001,1.65349999999999,0.6609,0.6788,3.6712,3.672,2.6728,7.6729,6.6729,10.6726,0.6805,4.67070000000001,0.6781],[0.6964,4.68900000000001,1.68999999999999,0.6995,0.6999,1.69109999999999,0.6995,0.6987,0.6975,0.696,5.86050000000001,18.8623000000001,7.86360000000001,13.8645,8.86500000000001,15.865,11.8645,18.8636000000001,14.8623,12.8605,8.82629999999998,5.82800000000001,5.82930000000001,6.83010000000001,6.8306,6.8306,5.83010000000001,2.8292,3.8279,5.82610000000001,21.8605000000001,45.8622999999999,40.8635999999999,30.8645000000001,21.8650000000001,30.8650000000001,28.8645000000001,32.8635999999999,31.8623000000001,28.8605000000001,4.86050000000001,10.8623,4.86360000000001,12.8645,6.86500000000001,9.86500000000001,7.86450000000001,7.86360000000001,5.86230000000001,7.86050000000001,1.81679999999999,4.81860000000001,0.828600000000001,0.8295,1.82119999999999,2.8212,1.82069999999999,0.828600000000001,1.81869999999999,1.81699999999999,9.86049999999998,40.8622999999999,30.8636000000001,19.8645000000001,23.8650000000001,30.8650000000001,28.8645000000001,30.8636000000001,25.8623000000001,9.86049999999998,11.852,23.8538000000001,8.855,11.8559,5.85640000000001,13.8564,12.8559,16.8550000000001,5.85370000000001,6.85190000000001,1.84299999999999,5.84480000000001,4.84600000000001,1.84689999999999,1.84739999999999,0.856200000000001,1.84689999999999,0.854800000000001,2.8447,3.8429,3.8605,12.8623,8.86359999999999,10.8645,5.86500000000001,6.86500000000001,10.8645,6.86360000000001,7.86230000000001,8.86049999999998,5.86050000000001,16.8623000000001,14.8636,17.8645000000001,12.865,19.8650000000001,14.8645,17.8636000000001,12.8623,19.8605000000001,16.8605000000001,37.8622999999999,22.8636000000001,30.8645000000001,39.865,38.865,33.8645,41.8635999999999,24.8623000000001,18.8605000000001,17.8605000000001,39.8622999999999,34.8635999999999,33.8645,17.8650000000001,34.865,21.8645000000001,37.8635999999999,24.8623000000001,20.8605000000001,11.8605,38.8622999999999,25.8636000000001,31.8645000000001,14.865,28.8650000000001,16.8645000000001,24.8636000000001,28.8623000000001,15.8605,16.8605000000001,22.8623000000001,16.8636000000001,20.8645000000001,12.865,20.8650000000001,12.8645,27.8636000000001,18.8623000000001,19.8605000000001,13.8605,20.8623000000001,13.8636,17.8645000000001,7.86500000000001,19.8650000000001,19.8645000000001,14.8636,16.8623000000001,8.86049999999998],[2.689,3.6903,2.6914,6.6921,0.7012,1.69229999999999,2.6919,3.6911,3.6901,0.6973,18.8623000000001,34.8641999999999,25.8655000000001,21.8664000000001,20.8670000000001,29.8670000000001,11.8664,21.8655000000001,26.8642000000001,13.8623,8.82789999999999,14.8297,14.8309,15.8318,7.8323,20.8323000000001,12.8316,11.8308,7.82960000000001,12.8277,28.8623000000001,50.8641999999999,48.8654999999999,44.8663999999999,28.8670000000001,54.867,34.8663999999999,70.8654999999999,47.8641999999999,37.8622999999999,14.8623,32.8641999999999,21.8655000000001,20.8664000000001,13.867,21.8670000000001,14.8664,29.8655000000001,20.8642000000001,21.8623000000001,3.8186,4.82040000000001,0.8304,4.8225,1.82309999999999,1.82309999999999,1.82249999999999,6.82160000000001,1.82059999999999,1.81879999999999,21.8623000000001,29.8642000000001,38.8654999999999,21.8664000000001,20.8670000000001,38.867,29.8664000000001,35.8654999999999,23.8642000000001,22.8623000000001,7.85380000000001,13.8556,11.8569,6.8578,11.8584,12.8583,7.8577,11.8568,12.8555,10.8536,3.8448,12.8467,10.8479,8.84880000000001,10.8494,7.8494,6.8488,8.8479,6.84660000000001,6.84470000000001,18.8623000000001,34.8641999999999,30.8655000000001,27.8664000000001,18.8670000000001,33.867,25.8664000000001,37.8654999999999,20.8642000000001,21.8623000000001,9.86229999999999,19.8642000000001,15.8655,16.8664000000001,11.867,10.867,12.8664,17.8655000000001,10.8642,15.8623,14.8623,28.8642000000001,18.8655000000001,33.8663999999999,17.8670000000001,35.867,27.8664000000001,36.8654999999999,26.8642000000001,19.8623000000001,14.8623,27.8642000000001,23.8655000000001,34.8663999999999,19.8670000000001,29.8670000000001,21.8664000000001,30.8655000000001,24.8642000000001,18.8623000000001,9.86229999999999,19.8642000000001,21.8655000000001,17.8664000000001,11.867,18.8670000000001,12.8664,13.8655,7.86420000000001,10.8623,23.8623000000001,26.8642000000001,29.8655000000001,30.8664000000001,17.8670000000001,31.8670000000001,19.8664000000001,34.8654999999999,22.8642000000001,22.8623000000001,20.8623000000001,48.8641999999999,22.8655000000001,38.8663999999999,26.8670000000001,31.8670000000001,29.8664000000001,47.8654999999999,34.8641999999999,20.8623000000001],[4.69000000000001,8.69140000000001,5.6924,2.693,2.6934,5.6934,3.6929,6.6921,4.691,5.68960000000001,7.86360000000001,25.8655000000001,24.8667000000001,33.8676,20.8683000000001,26.8683000000001,22.8676000000001,23.8667000000001,18.8655000000001,16.8636000000001,5.82910000000001,9.83090000000001,5.832,4.8329,4.8335,8.83350000000004,8.83280000000003,11.8319,3.8307,6.82890000000001,27.8636000000001,61.8654999999999,50.8667,54.8676,36.8683,64.8682999999997,42.8676,77.8666999999998,44.8654999999999,41.8635999999999,12.8636,19.8655000000001,14.8667,17.8676000000001,11.8683,22.8683000000001,16.8676000000001,20.8667000000001,10.8655,9.86359999999999,4.81980000000001,9.8217,10.8228,11.8237,9.82440000000003,19.8244000000001,11.8237,12.8228,12.8218,9.82,34.8635999999999,51.8654999999999,46.8667,56.8676,44.8683,45.8683,44.8676,70.8666999999998,42.8654999999999,30.8636000000001,13.855,16.8569000000001,13.8581,18.8589000000001,13.8596,28.8596000000001,10.8589,24.8580000000001,11.8568,15.8549,3.8461,7.84800000000001,9.84910000000001,14.85,8.85070000000003,11.8507,7.85,7.8491,7.84790000000001,5.84600000000001,15.8636,22.8655000000001,25.8667000000001,24.8676000000001,15.8683,31.8683000000001,19.8676000000001,29.8667000000001,21.8655000000001,20.8636000000001,11.8636,17.8655000000001,16.8667000000001,15.8676,9.86830000000004,21.8683000000001,16.8676000000001,20.8667000000001,13.8655,17.8636000000001,28.8636000000001,41.8654999999999,32.8667,34.8676,29.8683000000001,40.8683,37.8676,41.8667,43.8654999999999,22.8636000000001,24.8636000000001,24.8655000000001,21.8667000000001,24.8676000000001,27.8683000000001,42.8683,18.8676000000001,57.8667,35.8654999999999,23.8636000000001,17.8636000000001,43.8654999999999,26.8667000000001,30.8676000000001,20.8683000000001,40.8683,29.8676000000001,31.8667000000001,23.8655000000001,24.8636000000001,14.8636,39.8654999999999,35.8667,27.8676000000001,22.8683000000001,38.8683,24.8676000000001,53.8667,32.8654999999999,27.8636000000001,21.8636000000001,29.8655000000001,34.8667,18.8676000000001,18.8683000000001,45.8683,19.8676000000001,40.8667,25.8655000000001,17.8636000000001],[2.6905,4.6921,2.693,5.6938,5.6943,9.69440000000005,4.6937,8.69280000000003,4.6918,2.6902,13.8645,21.8664000000001,33.8676,36.8685,16.8692000000001,24.8692000000001,27.8685000000001,27.8676000000001,15.8664,22.8645000000001,2.8299,10.8317,10.8329,10.8337,7.8344,9.83440000000005,7.8337,12.8328,9.83160000000002,8.8297,19.8645000000001,52.8663999999999,38.8676,37.8685,37.8692,30.8692000000001,34.8685,35.8676,33.8663999999999,23.8645000000001,10.8645,21.8664000000001,15.8676,11.8685,15.8692,21.8692000000001,17.8685000000001,21.8676000000001,12.8664,7.86450000000001,1.82069999999999,8.82260000000001,8.82380000000003,4.8246,6.8253,17.8253000000001,3.8246,8.82380000000003,9.82280000000002,7.82090000000001,14.8645,33.8663999999999,29.8676000000001,29.8685000000001,29.8692000000001,35.8692,30.8685000000001,39.8676,28.8664000000001,27.8645000000001,11.8559,18.8578000000001,13.8589,14.8598,12.8605,20.8605000000001,10.8598,18.8589000000001,12.8577,9.8558,4.84710000000001,9.84890000000001,2.8501,8.85090000000004,6.8516,5.8516,10.8509,7.85,2.8488,4.84690000000001,9.8645,27.8664000000001,22.8676000000001,20.8685000000001,19.8692000000001,21.8692000000001,15.8685,17.8676000000001,19.8664000000001,12.8645,19.8645000000001,18.8664000000001,20.8676000000001,20.8685000000001,11.8692,22.8692000000001,14.8685,25.8676000000001,21.8664000000001,12.8645,12.8645,20.8664000000001,31.8676000000001,15.8685,9.86920000000005,10.8692,15.8685,20.8676000000001,14.8664,13.8645,12.8645,30.8664000000001,22.8676000000001,33.8685,11.8692,21.8692000000001,26.8685000000001,33.8676,21.8664000000001,15.8645,19.8645000000001,27.8664000000001,28.8676000000001,21.8685000000001,20.8692000000001,33.8692,22.8685000000001,38.8676,20.8664000000001,19.8645000000001,23.8645000000001,45.8663999999999,34.8676,28.8685000000001,27.8692000000001,40.8692,22.8685000000001,33.8676,26.8664000000001,30.8645000000001,16.8645000000001,27.8664000000001,32.8676,31.8685000000001,19.8692000000001,23.8692000000001,28.8685000000001,33.8676,24.8664000000001,10.8645],[7.6909,8.69240000000002,6.6933,5.6942,3.69489999999999,7.69469999999999,11.6939,13.6931,6.6922,4.6904,8.86500000000001,20.8670000000001,20.8683000000001,16.8692000000001,19.8699000000001,24.8699000000001,16.8692000000001,25.8683000000001,17.8670000000001,12.865,5.83030000000001,8.83220000000002,13.8333,11.8342,9.83490000000006,7.8348,6.8342,13.8333,7.832,8.83000000000001,31.8650000000001,41.867,42.8683,38.8692,45.8699,45.8699,27.8692000000001,43.8683,33.867,26.8650000000001,2.865,11.867,4.8683,7.8692,4.8699,12.8699000000001,5.8692,8.86830000000004,7.867,7.86500000000001,4.82120000000001,2.8232,4.8244,1.82529999999999,8.82590000000006,9.82590000000006,5.8253,5.8247,2.8234,3.8214,22.8650000000001,31.8670000000001,22.8683000000001,22.8692000000001,21.8699000000001,26.8699000000001,22.8692000000001,48.8683,25.8670000000001,22.8650000000001,11.8564,18.8583000000001,17.8596000000001,13.8605,14.8612000000001,18.8612000000001,19.8604000000001,22.8595000000001,16.8582000000001,15.8562,6.84760000000001,18.8496000000001,10.8508,10.8517,12.8523000000001,19.8523000000001,8.85160000000005,9.85070000000003,10.8494,6.84750000000001,8.86500000000001,15.867,13.8683,11.8692,9.86990000000006,18.8699000000001,16.8692000000001,18.8683000000001,9.86700000000002,11.865,7.86500000000001,15.867,12.8683,14.8692,10.8699000000001,11.8699000000001,8.86920000000005,18.8683000000001,7.867,11.865,11.865,23.8670000000001,17.8683000000001,25.8692000000001,16.8699000000001,26.8699000000001,12.8692,24.8683000000001,19.8670000000001,8.86500000000001,5.86500000000001,29.8670000000001,26.8683000000001,29.8692000000001,16.8699000000001,28.8699000000001,22.8692000000001,30.8683000000001,18.8670000000001,17.8650000000001,11.865,37.867,35.8683,27.8692000000001,17.8699000000001,28.8699000000001,16.8692000000001,34.8683,24.8670000000001,23.8650000000001,21.8650000000001,33.867,31.8683000000001,29.8692000000001,24.8699000000001,22.8699000000001,28.8692000000001,46.8683,28.8670000000001,28.8650000000001,18.8650000000001,43.867,29.8683000000001,37.8692,23.8699000000001,34.8699,15.8692,44.8683,22.8670000000001,25.8650000000001],[10.691,7.6924,8.69330000000003,7.6942,9.69480000000006,8.69460000000005,9.69380000000004,14.6931,24.6922000000001,9.69040000000001,15.865,29.8670000000001,26.8683000000001,24.8692000000001,24.8699000000001,28.8699000000001,23.8692000000001,26.8683000000001,18.8670000000001,19.8650000000001,2.8302,8.83210000000002,8.83330000000004,5.8342,5.8348,8.83480000000006,3.834,8.83320000000003,4.832,3.83,29.8650000000001,57.867,50.8683,46.8692,39.8699,67.8698999999995,45.8692,52.8683,36.867,32.865,10.865,21.8670000000001,20.8683000000001,13.8692,13.8699000000001,18.8699000000001,17.8692000000001,22.8683000000001,16.8670000000001,20.8650000000001,8.82130000000001,20.8231000000001,10.8244,19.8253000000001,14.8260000000001,15.8260000000001,12.8255,15.8246,12.8234,8.82140000000001,20.8650000000001,37.867,38.8683,19.8692000000001,18.8699000000001,38.8699,15.8692,34.8683,26.8670000000001,11.865,6.85640000000001,4.8583,17.8596000000001,15.8605,13.8612000000001,8.86110000000006,9.86040000000005,13.8595,10.8582,8.85620000000001,3.8476,19.8496000000001,7.8509,6.8517,6.85239999999999,10.8523000000001,7.8516,10.8507,7.8495,6.84750000000001,8.86500000000001,27.8670000000001,20.8683000000001,21.8692000000001,9.86990000000006,18.8699000000001,15.8692,28.8683000000001,17.8670000000001,10.865,14.865,27.8670000000001,26.8683000000001,20.8692000000001,16.8699000000001,12.8699000000001,18.8692000000001,25.8683000000001,15.867,20.8650000000001,16.8650000000001,29.8670000000001,27.8683000000001,30.8692000000001,19.8699000000001,37.8699,26.8692000000001,48.8683,22.8670000000001,20.8650000000001,11.865,23.8670000000001,23.8683000000001,28.8692000000001,9.86990000000006,21.8699000000001,18.8692000000001,23.8683000000001,20.8670000000001,13.865,22.8650000000001,35.867,21.8683000000001,19.8692000000001,20.8699000000001,24.8699000000001,16.8692000000001,35.8683,20.8670000000001,23.8650000000001,12.865,25.8670000000001,27.8683000000001,20.8692000000001,13.8699000000001,37.8699,18.8692000000001,28.8683000000001,19.8670000000001,15.865,20.8650000000001,30.8670000000001,24.8683000000001,29.8692000000001,18.8699000000001,41.8699,20.8692000000001,28.8683000000001,14.867,15.865],[3.6905,7.6921,13.6929,12.6936,4.6941,15.6941,14.6935,13.6928,18.6918000000001,5.69020000000001,11.8645,11.8664,22.8676000000001,27.8685000000001,16.8692000000001,23.8692000000001,24.8685000000001,16.8676000000001,6.8664,11.8645,6.82960000000001,8.83140000000001,11.8326,12.8334,7.8341,7.834,5.8333,10.8324,11.8313,15.8295,22.8645000000001,39.8663999999999,23.8676000000001,37.8685,31.8692000000001,41.8692,27.8685000000001,40.8676,30.8664000000001,29.8645000000001,18.8645000000001,17.8664000000001,18.8676000000001,19.8685000000001,17.8692000000001,24.8692000000001,18.8685000000001,22.8676000000001,12.8664,16.8645000000001,6.82090000000001,7.8227,8.82390000000003,9.82480000000004,6.8255,11.8256000000001,3.8249,10.824,3.8228,10.8211,20.8645000000001,35.8663999999999,20.8676000000001,42.8685,28.8692000000001,26.8692000000001,28.8685000000001,47.8676,33.8663999999999,36.8645,11.8558,18.8577000000001,18.8589000000001,16.8598000000001,11.8604,28.8604000000001,21.8597000000001,12.8588,11.8576,14.8557,8.8472,11.849,12.8502,9.85110000000004,8.85180000000005,20.8518000000001,15.8511,15.8502,7.849,17.8471000000001,5.86450000000001,13.8664,10.8676,15.8685,20.8692000000001,19.8692000000001,12.8685,11.8676,7.8664,8.8645,9.8645,19.8664000000001,17.8676000000001,19.8685000000001,19.8692000000001,22.8692000000001,10.8685,21.8676000000001,19.8664000000001,13.8645,12.8645,34.8663999999999,19.8676000000001,22.8685000000001,15.8692,31.8692000000001,21.8685000000001,39.8676,26.8664000000001,18.8645000000001,12.8645,27.8664000000001,22.8676000000001,21.8685000000001,18.8692000000001,23.8692000000001,19.8685000000001,32.8676,20.8664000000001,19.8645000000001,24.8645000000001,38.8663999999999,26.8676000000001,22.8685000000001,27.8692000000001,22.8692000000001,15.8685,33.8676,24.8664000000001,25.8645000000001,17.8645000000001,27.8664000000001,23.8676000000001,24.8685000000001,17.8692000000001,23.8692000000001,26.8685000000001,23.8676000000001,24.8664000000001,12.8645,12.8645,25.8664000000001,24.8676000000001,24.8685000000001,13.8692,23.8692000000001,17.8685000000001,33.8676,15.8664,13.8645],[2.6898,3.6912,1.69219999999999,1.69279999999999,1.69319999999999,2.6932,7.6928,4.6919,1.69089999999999,4.68950000000001,18.8636000000001,21.8655000000001,23.8667000000001,27.8676000000001,25.8683000000001,26.8683000000001,16.8676000000001,32.8667,18.8655000000001,9.86359999999999,7.82870000000001,16.8305000000001,10.8316,7.8325,11.8331,15.8331,9.83240000000002,11.8315,8.8303,6.82850000000001,29.8636000000001,42.8654999999999,26.8667000000001,37.8676,37.8683,43.8683,27.8676000000001,64.8666999999998,32.8654999999999,24.8636000000001,11.8636,15.8655,11.8667,10.8676,11.8683,11.8683,8.86760000000003,15.8667,15.8655,11.8636,4.82010000000001,2.822,3.8231,6.824,5.8247,7.8247,7.824,2.8231,3.822,2.8203,16.8636000000001,24.8655000000001,13.8667,25.8676000000001,21.8683000000001,28.8683000000001,18.8676000000001,23.8667000000001,22.8655000000001,10.8636,10.8549,12.8568,9.85800000000002,11.8588,11.8595,15.8595,11.8588,9.85790000000001,6.85670000000001,7.85480000000001,4.84630000000001,11.8482,6.8493,7.8502,3.8509,9.85090000000004,2.8502,10.8493,3.8481,5.84620000000001,15.8636,24.8655000000001,27.8667000000001,37.8676,19.8683000000001,31.8683000000001,25.8676000000001,33.8667,19.8655000000001,20.8636000000001,10.8636,17.8655000000001,24.8667000000001,25.8676000000001,17.8683000000001,21.8683000000001,12.8676,22.8667000000001,19.8655000000001,11.8636,17.8636000000001,37.8654999999999,30.8667000000001,29.8676000000001,18.8683000000001,42.8683,22.8676000000001,48.8667,25.8655000000001,24.8636000000001,20.8636000000001,30.8655000000001,17.8667000000001,22.8676000000001,22.8683000000001,37.8683,24.8676000000001,35.8667,18.8655000000001,20.8636000000001,17.8636000000001,36.8654999999999,25.8667000000001,31.8676000000001,24.8683000000001,30.8683000000001,18.8676000000001,20.8667000000001,24.8655000000001,27.8636000000001,15.8636,30.8655000000001,27.8667000000001,26.8676000000001,18.8683000000001,26.8683000000001,22.8676000000001,34.8667,30.8655000000001,24.8636000000001,9.86359999999999,39.8654999999999,25.8667000000001,23.8676000000001,26.8683000000001,27.8683000000001,16.8676000000001,46.8667,26.8655000000001,21.8636000000001],[0.697600000000001,3.6901,0.7,3.6919,5.6922,1.69209999999999,4.6916,1.69079999999999,3.6899,0.6971,14.8623,26.8642000000001,18.8655000000001,15.8664,17.8670000000001,18.8670000000001,6.8664,18.8655000000001,22.8642000000001,8.86229999999999,1.82739999999999,9.82919999999999,13.8304,11.8313,3.8318,12.8318,6.8312,7.83030000000001,8.82899999999999,7.82720000000001,27.8623000000001,45.8641999999999,42.8654999999999,45.8663999999999,39.867,68.8669999999998,28.8664000000001,77.8654999999999,48.8641999999999,33.8622999999999,16.8623000000001,18.8642000000001,22.8655000000001,20.8664000000001,17.8670000000001,27.8670000000001,17.8664000000001,29.8655000000001,13.8642,10.8623,7.81880000000001,10.8207,4.822,10.8229,3.8234,12.8234,2.8229,11.8221,7.82090000000001,8.81899999999999,16.8623000000001,31.8642000000001,21.8655000000001,21.8664000000001,14.867,28.8670000000001,22.8664000000001,17.8655000000001,20.8642000000001,21.8623000000001,14.8536,26.8555000000001,16.8568000000001,17.8576000000001,14.8582,29.8582000000001,13.8576,26.8567000000001,7.85540000000001,9.85349999999999,5.84510000000001,15.847,12.8482,11.8491,10.8496,16.8496000000001,12.849,22.8481000000001,12.8468,5.84500000000001,18.8623000000001,34.8641999999999,10.8655,24.8664000000001,11.867,15.867,15.8664,25.8655000000001,20.8642000000001,12.8623,10.8623,22.8642000000001,16.8655000000001,8.86640000000001,10.867,17.8670000000001,12.8664,16.8655000000001,13.8642,13.8623,12.8623,41.8641999999999,25.8655000000001,30.8664000000001,17.8670000000001,39.867,23.8664000000001,39.8654999999999,19.8642000000001,23.8623000000001,11.8623,27.8642000000001,16.8655000000001,26.8664000000001,20.8670000000001,28.8670000000001,20.8664000000001,39.8654999999999,17.8642000000001,27.8623000000001,15.8623,32.8641999999999,21.8655000000001,20.8664000000001,23.8670000000001,16.8670000000001,25.8664000000001,33.8654999999999,24.8642000000001,16.8623000000001,5.86230000000001,24.8642000000001,19.8655000000001,28.8664000000001,13.867,32.867,14.8664,22.8655000000001,16.8642000000001,7.86230000000001,8.86229999999999,30.8642000000001,14.8655,14.8664,21.8670000000001,29.8670000000001,23.8664000000001,14.8655,15.8642,14.8623],[0.6962,1.68869999999999,0.6985,0.6992,0.6995,2.6907,0.6991,0.6983,0.6973,0.6958,12.8605,13.8623,16.8636000000001,22.8645000000001,12.865,19.8650000000001,11.8645,9.86359999999999,8.86229999999999,9.86049999999998,3.8256,2.8273,2.8285,0.838200000000001,0.838600000000001,1.82979999999999,1.82929999999999,0.837200000000001,1.82709999999999,0.834200000000001,23.8605000000001,63.8622999999999,34.8635999999999,38.8645,28.8650000000001,54.865,35.8645,49.8635999999999,37.8622999999999,37.8604999999999,7.86050000000001,12.8623,12.8636,10.8645,13.865,10.865,7.86450000000001,12.8636,4.86230000000001,5.86050000000001,1.81729999999999,5.81900000000001,1.82029999999999,3.8212,0.830500000000001,1.82169999999999,6.82130000000001,3.8204,1.81909999999999,3.8174,11.8605,18.8623000000001,21.8636000000001,27.8645000000001,25.8650000000001,31.8650000000001,18.8645000000001,30.8636000000001,21.8623000000001,20.8605000000001,4.85180000000001,11.8536,6.85490000000001,9.8557,6.85620000000001,6.85620000000001,5.85570000000001,4.85480000000001,0.862300000000001,1.85169999999999,7.84340000000001,9.84509999999999,6.84640000000001,7.84730000000001,3.8478,2.8478,7.84730000000001,6.84640000000001,9.84509999999999,8.84329999999998,8.86049999999998,16.8623000000001,8.86359999999999,16.8645000000001,4.86500000000001,19.8650000000001,8.8645,7.86360000000001,7.86230000000001,4.86050000000001,1.86049999999999,10.8623,7.86360000000001,11.8645,8.86500000000001,9.86500000000001,12.8645,7.86360000000001,4.86230000000001,4.86050000000001,17.8605000000001,29.8623000000001,21.8636000000001,22.8645000000001,16.8650000000001,18.8650000000001,12.8645,25.8636000000001,17.8623000000001,14.8605,21.8605000000001,32.8622999999999,20.8636000000001,38.8645,23.8650000000001,25.8650000000001,20.8645000000001,23.8636000000001,19.8623000000001,17.8605000000001,6.86050000000001,16.8623000000001,13.8636,15.8645,10.865,11.865,6.86450000000001,18.8636000000001,12.8623,4.86050000000001,6.86050000000001,24.8623000000001,18.8636000000001,15.8645,5.86500000000001,13.865,13.8645,11.8636,13.8623,6.86050000000001,11.8605,27.8623000000001,15.8636,19.8645000000001,19.8650000000001,19.8650000000001,23.8645000000001,14.8636,15.8623,11.8605],[0.5837,0.5847,0.585599999999999,0.586199999999999,0.586199999999999,0.586099999999999,0.5858,0.585,0.584,0.5828,8.82629999999998,8.82789999999999,5.82910000000001,2.8299,5.83030000000001,2.8302,6.82960000000001,7.82870000000001,1.82739999999999,3.8256,3.7565,2.7581,0.768,3.7601,0.7694,1.76049999999999,2.76,4.75900000000001,4.75790000000001,1.75629999999999,7.86050000000001,21.8623000000001,13.8636,11.8645,9.86500000000001,9.86500000000001,14.8645,18.8636000000001,12.8623,6.86050000000001,1.83479999999999,6.83650000000001,3.8377,5.83850000000001,6.83890000000001,1.83889999999999,3.8383,9.83739999999999,1.83609999999999,1.83429999999999,0.6437,0.6452,0.6461,0.6466,1.63819999999999,0.647,2.6377,2.637,0.6448,0.6435,3.8605,17.8623000000001,9.86359999999999,10.8645,12.865,5.86500000000001,8.8645,8.86359999999999,7.86230000000001,4.86050000000001,1.79149999999999,6.79310000000001,1.79429999999999,7.79530000000001,3.7956,6.7956,5.79510000000001,6.79430000000001,3.7931,3.7915,0.7304,0.7318,0.733,2.7249,1.72499999999999,0.7339,0.7335,0.7328,0.7316,0.73,1.85199999999999,6.85380000000001,2.8551,3.8559,2.8564,3.8564,9.8559,3.855,3.8537,2.8519,2.8089,8.81059999999999,4.81170000000001,5.81250000000001,8.81300000000001,5.81290000000001,8.8123,10.8115,4.81020000000001,2.8085,5.81760000000001,13.8192,8.8203,15.8211,10.8215,13.8214,11.8208,14.8198,7.81850000000001,3.8167,7.85200000000001,18.8538000000001,8.85509999999999,16.8559000000001,6.85640000000001,10.8564,16.8559000000001,25.8550000000001,14.8537,2.8519,5.84340000000001,10.8451,5.84630000000001,15.8472,9.84760000000001,11.8476,8.847,13.8461,5.84480000000001,3.843,5.83490000000001,11.8367,8.8379,16.8386000000001,7.83910000000001,9.83910000000001,9.8385,16.8376000000001,10.8363,1.83449999999999,2.8434,9.84519999999999,4.84630000000001,5.84720000000001,5.84770000000001,2.8477,9.847,6.84610000000001,6.84480000000001,4.84300000000001],[3.576,4.5771,2.5779,2.5784,3.5785,3.5785,4.5781,3.5775,0.5853,0.5841,5.82800000000001,14.8297,9.83090000000001,10.8317,8.83220000000002,8.83210000000002,8.83140000000001,16.8305000000001,9.82919999999999,2.8273,2.7581,11.7596,3.7607,6.7616,3.762,3.762,5.7615,9.7607,3.7596,1.75799999999999,10.8623,18.8642000000001,16.8655000000001,21.8664000000001,20.8670000000001,11.867,15.8664,22.8655000000001,15.8642,1.86229999999999,4.83660000000001,9.8383,3.8395,9.84040000000001,12.8409,4.8408,12.8401,11.8392,9.83789999999999,2.836,0.6451,0.6466,1.63869999999999,0.648,0.6485,0.6483,3.6391,1.63829999999999,0.646,1.63599999999999,4.86230000000001,17.8642000000001,6.86550000000001,14.8664,10.867,7.867,11.8664,13.8655,14.8642,3.8623,0.801800000000001,5.79460000000001,5.7959,3.7967,4.7973,3.7973,5.7969,4.796,2.795,1.79319999999999,2.7232,3.7247,3.7257,6.7263,2.7268,