[[0.2663,0.2669,0.2673,0.2675,0.2676,0.2676,0.2675,0.2673,0.2668,0.2663,0.4842,2.47879999999999,4.47940000000001,2.47969999999999,7.4799,10.4799,3.47969999999999,2.47939999999999,0.4848,0.484,0.4056,3.40029999999999,0.4069,0.4072,3.4012,1.4012,3.4012,0.4069,1.4002,0.4055,1.4899,6.49060000000001,6.49120000000001,8.49170000000001,15.4918,17.4918,13.4917,9.49140000000001,5.49090000000001,0.4962,0.4902,2.48479999999999,2.48539999999999,1.4857,4.4857,3.48569999999999,3.48549999999999,1.4851,1.4845,0.4899,0.3266,0.3271,1.3215,0.3278,0.3278,0.3278,0.3277,1.3214,0.3271,0.3265,0.5082,1.5029,12.5036,5.50390000000001,4.504,18.504,12.5038,8.50350000000001,1.5028,2.50199999999999,0.4601,1.4548,1.4554,2.4556,4.4557,2.4557,3.4555,2.45499999999999,2.45439999999999,0.4598,0.3628,0.3634,1.3578,0.3642,0.3643,0.3643,1.3581,0.364,0.3635,0.3631,1.4599,1.4606,2.46119999999999,2.4615,3.4616,6.4617,1.4616,1.4612,2.46049999999999,0.4658,0.4539,0.4547,5.4491,2.44919999999999,4.4493,8.4493,3.44919999999999,3.44889999999999,5.44830000000001,0.4537,0.4839,3.47859999999999,7.47920000000001,8.47950000000001,7.4796,16.4796,11.4794,5.47910000000001,6.47860000000001,0.4839,1.5023,2.50309999999999,8.50370000000001,6.50390000000001,10.5039,20.5039,17.5037,5.50330000000001,6.50260000000001,0.5079,2.51419999999999,2.51499999999999,11.5156,7.5162,16.5164,7.5164,16.5162,5.51570000000001,1.515,0.5203,0.4601,3.45469999999999,3.45519999999999,2.4555,5.4556,11.4555,12.4554,1.455,3.45439999999999,0.4597,1.4659,0.4728,5.46730000000001,1.4676,6.4677,2.4676,4.4674,4.46710000000001,1.4663,0.4719],[0.2669,3.2613,0.2679,1.2619,0.2681,0.268,2.2617,1.2617,1.2613,1.2608,4.47880000000001,3.47949999999999,8.4802,4.4805,8.4807,7.4807,7.4805,3.4802,3.47949999999999,1.4786,0.4062,4.401,4.4015,4.4019,8.4021,4.402,6.4019,2.4015,2.4009,0.4061,0.4967,7.49140000000001,13.4921,9.4925,19.4926,35.4926000000002,25.4926,1.4923,0.4978,0.4969,0.4908,6.48560000000001,4.4862,2.4865,9.4866,10.4866,7.4863,4.4859,8.48530000000001,0.4906,0.3271,0.3278,0.3283,1.3222,0.3284,2.3222,2.3221,0.328,0.3275,0.327,1.5028,3.50369999999999,10.5044,6.5047,13.5048,14.5048,10.5046,6.5043,2.50359999999999,0.5088,0.4609,0.4618,7.4561,0.4625,4.4566,3.4565,3.4561,1.4557,1.4551,0.4605,0.3635,0.364,3.3585,4.3588,1.3588,2.3589,3.3588,3.3585,0.3642,0.3636,0.4667,4.4614,11.462,5.4623,12.4624,12.4623,10.4622,4.462,0.4674,0.4665,0.4545,3.4493,4.4497,3.45,3.4501,8.4501,5.45,1.4497,2.44909999999999,0.4544,0.4847,3.47949999999999,6.48,4.4803,7.4804,18.4804,11.4803,0.486,3.47939999999999,0.4846,0.5091,1.5039,3.5045,4.5047,10.5048,14.5048,9.5046,4.5041,6.50340000000001,0.5086,0.5211,1.5159,3.5165,4.517,9.5172,2.5172,9.517,2.5166,4.51580000000001,0.521,0.4607,4.4554,6.4559,5.4562,5.4563,9.4563,8.4562,3.4558,0.4612,0.4603,2.46669999999999,3.4676,8.4681,17.4683,13.4683,16.4683,8.4682,9.4679,2.46709999999999,0.4724],[0.2673,0.2679,6.2622,0.2682,3.2621,2.2621,2.2621,1.2619,0.2677,0.2672,1.4793,2.4802,5.4809,2.4814,6.4815,8.4815,13.4814,1.4809,0.4862,0.4852,0.4068,2.4014,2.402,2.4023,5.4025,4.4026,2.4024,3.4021,1.4014,0.4067,0.4973,5.4921,16.493,8.4933,28.4935,28.4935,28.4934,11.493,4.4923,1.4914,0.4914,4.4863,2.487,1.4873,2.4874,6.4874,3.4872,1.4868,2.486,0.4911,0.3276,3.3223,7.3227,1.3229,5.323,6.3229,5.3227,0.3285,1.322,0.3276,0.5096,6.5045,14.5051,11.5055,16.5056,16.5056,19.5055,4.5051,8.5043,0.5094,0.4614,4.4563,1.4569,4.4573,3.4571,6.457,5.4568,1.4564,2.4557,0.4609,0.364,0.3647,0.3651,2.3594,1.3595,2.3596,3.3594,1.3592,0.3648,0.3641,0.4673,2.4621,3.4628,4.463,9.4631,9.4631,9.4629,2.4626,2.4619,0.4671,0.4551,1.4499,2.4504,2.4507,5.4508,6.4509,4.4508,3.4505,1.4499,0.455,0.4853,6.4802,14.4809,4.4812,16.4812,25.4812,18.4811,4.4807,2.48,0.4852,0.5098,1.5047,4.5052,3.5055,13.5056,22.5056,17.5054,8.5049,3.50409999999999,0.5092,2.51559999999999,5.5166,8.5175,9.5178,10.5179,14.5179,14.5178,4.5172,2.5164,2.51539999999999,1.4552,4.456,13.4567,5.4569,16.457,26.457,26.4569,6.4566,3.4558,0.4609,0.4734,8.4683,7.4689,3.4691,26.4691,15.4691,10.4689,7.4685,3.4678,0.473],[0.2675,1.2619,0.2682,3.2623,0.2684,2.2622,2.2622,0.2681,0.2678,0.2675,0.4859,6.4807,2.4813,5.4818,5.4819,7.4819,12.4818,1.4813,3.4805,0.4857,0.4071,2.4018,3.4024,0.4087,4.4026,1.4026,3.4026,2.4025,1.4018,0.4071,0.4978,0.4988,6.4935,2.4938,10.494,6.494,10.4939,4.4935,1.4928,1.4919,2.48579999999999,4.4868,2.4875,6.4878,5.4879,8.4879,7.4878,4.4873,4.4865,0.4916,0.3282,1.3228,1.3231,0.3293,5.3232,6.3232,5.3232,1.3229,1.3225,0.3279,0.5101,3.505,7.5057,5.5061,18.5061,17.5061,17.506,2.5055,4.5048,0.5099,1.4558,2.4567,7.4572,5.4574,9.4575,8.4575,6.4573,3.4568,2.4561,0.4613,0.3644,1.3591,1.3595,0.3659,4.3598,2.3599,3.3598,1.3597,2.3592,0.3645,0.4678,3.4627,5.4633,2.4635,10.4635,9.4635,9.4634,7.463,3.4624,0.4675,0.4556,2.4503,1.4509,4.4512,5.4513,7.4513,7.4512,4.451,0.4565,0.4555,0.4859,0.4868,3.4814,2.4817,4.4818,6.4818,4.4816,6.4813,1.4805,0.4857,2.5042,1.5052,7.5058,5.5061,8.5061,9.5061,12.506,5.5055,1.5046,0.5097,0.5222,5.5171,12.5181,3.5184,5.5185,10.5184,11.5182,2.5178,3.5169,1.5159,0.4618,1.4566,6.4571,5.4573,13.4574,18.4574,22.4573,3.4571,0.4624,0.4614,0.4739,3.4688,7.4693,1.4696,14.4696,14.4696,10.4694,2.4689,1.4683,0.4734],[0.2676,0.2681,3.2621,0.2684,2.2623,5.2623,6.2623,2.2621,2.2618,0.2675,0.4861,0.4871,2.4817,5.4819,3.4819,9.4819,4.4819,1.4815,5.4807,0.4859,0.4071,3.402,1.4024,1.4026,7.4026,5.4026,7.4026,2.4025,3.402,0.4073,0.498,6.4929,10.4936,10.4941,18.4941,13.4941,26.494,10.4937,4.493,0.4982,0.4921,1.487,3.4877,2.488,1.488,4.488,0.4941,2.4876,1.4867,0.4918,0.3285,0.329,0.3293,1.3232,1.3233,1.3233,5.3233,1.3232,1.3227,0.3281,0.5103,2.5052,10.5059,6.5062,15.5063,17.5063,16.5062,3.5058,1.505,0.5101,0.462,2.4567,3.4573,2.4575,7.4575,9.4575,10.4574,4.4571,0.4624,0.4614,0.3646,0.3655,5.3597,1.3599,9.3599,7.3599,9.3599,1.3598,1.3594,0.3649,0.468,3.4629,2.4633,4.4636,5.4636,2.4636,8.4635,7.4632,1.4626,0.4677,0.4558,1.4504,4.4511,1.4514,8.4514,5.4514,6.4514,2.4513,0.4567,0.4557,1.48,1.4809,5.4816,6.4819,5.4819,15.4819,10.4818,2.4815,1.4807,0.4859,1.5044,2.5053,9.506,2.5063,10.5063,21.5063,17.5061,3.5057,2.5048,0.5099,1.5163,2.5173,6.5181,2.5185,9.5185,10.5185,8.5183,2.5179,2.5171,1.5161,0.462,4.4568,10.4573,5.4575,10.4575,20.4575,19.4575,3.4572,1.4565,0.4616,0.4741,2.4689,3.4694,0.4758,14.4697,8.4697,13.4695,4.4692,2.4685,0.4736],[0.2676,0.268,2.2621,2.2622,5.2623,5.2623,4.2623,1.2621,0.2679,0.2675,1.48,1.481,5.4817,9.4818,7.4819,8.4819,15.4818,2.4815,1.4807,2.4798,0.4071,3.402,3.4024,1.4026,2.4026,4.4026,1.4026,0.4085,2.402,0.4073,0.498,5.4929,12.4936,5.4941,14.4941,22.4941,29.494,7.4937,5.4931,0.4982,1.486,4.487,4.4877,0.4941,6.488,7.488,8.488,5.4876,3.4867,0.4918,0.3284,3.3229,2.3232,3.3232,4.3233,2.3233,5.3233,2.3233,0.3288,0.3281,1.5042,2.5052,6.5059,3.5062,13.5063,8.5063,12.5061,8.5058,2.505,0.5101,1.4559,1.4566,2.4573,2.4575,6.4575,4.4575,5.4575,2.4572,3.4563,1.4554,0.3646,1.3594,1.3598,1.3599,0.366,3.3599,4.3599,1.3599,1.3594,0.3649,0.468,3.4629,4.4634,3.4636,5.4636,10.4636,12.4635,2.4632,1.4625,0.4677,0.4558,3.4505,6.4511,5.4514,8.4514,10.4514,6.4514,5.4512,0.4567,0.4557,0.4861,3.481,13.4816,6.4819,11.4819,8.4819,12.4819,2.4815,2.4808,0.4859,0.5105,2.5053,3.506,5.5063,9.5063,12.5063,9.5061,5.5057,0.5109,0.5099,1.5163,2.5173,8.5181,2.5185,11.5185,7.5185,13.5184,1.5179,1.5171,0.5222,0.462,2.4568,7.4573,6.4575,7.4575,13.4575,20.4575,2.4571,1.4565,0.4616,0.4741,2.4688,3.4694,5.4697,11.4697,4.4697,14.4695,4.4692,2.4685,0.4736],[0.2675,2.2617,2.2621,2.2622,6.2623,4.2623,7.2623,1.2622,0.2679,0.2675,0.4859,2.4808,3.4815,4.4817,11.4819,9.4818,14.4815,7.4812,4.4806,0.4857,0.4069,4.4016,3.4022,1.4025,5.4025,7.4025,3.4025,1.4023,1.4018,1.4009,0.4978,4.4927,12.4935,6.4938,12.4939,21.4939,9.4938,5.4935,2.4929,0.498,1.4858,3.4868,9.4875,4.4878,11.4879,5.4879,13.4878,3.4874,2.4865,0.4916,0.3284,0.3289,1.323,0.3293,3.3233,4.3233,6.3232,0.3292,0.3289,0.3282,0.5101,7.505,9.5057,3.506,19.5061,16.5061,8.506,8.5056,2.5048,0.5099,1.4556,2.4564,5.457,3.4573,9.4574,8.4574,10.4573,3.4569,1.4561,0.4613,0.3645,5.3592,6.3598,2.3599,9.3599,7.3599,10.3598,2.3598,1.3595,0.3648,0.4678,0.4686,4.4632,4.4634,8.4634,8.4634,8.4633,1.463,5.4623,0.4675,0.4556,2.4504,7.4509,2.4512,11.4513,6.4514,10.4513,2.451,1.4504,0.4555,0.4859,4.4808,8.4814,2.4817,9.4818,14.4818,17.4817,6.4812,1.4806,0.4857,1.5042,4.5051,6.5058,13.5061,16.5061,14.5061,11.506,3.5054,3.5046,0.5097,0.5222,2.517,5.5177,3.5182,12.5183,14.5183,10.5181,6.5176,2.5168,1.5159,0.4618,4.4566,7.4571,4.4573,11.4574,10.4574,5.4572,4.4569,0.4624,0.4614,0.4738,3.4685,5.4692,7.4695,4.4695,11.4696,9.4694,1.469,0.4744,0.4734],[0.2673,1.2617,1.2619,0.2681,2.2621,1.2621,1.2622,1.262,0.2679,0.2673,0.4854,3.4803,6.4809,8.4812,13.4812,14.4812,13.4811,4.4806,1.4801,0.4852,0.4067,3.4011,3.4017,1.402,4.4022,10.4023,4.4021,1.4018,0.4073,0.4067,0.4973,3.4922,7.4929,5.4932,18.4935,17.4934,30.4933,4.4931,1.4924,1.4914,0.4914,2.4863,1.487,5.4873,5.4874,9.4874,3.4872,2.4868,2.486,0.4911,0.3281,1.3225,2.3228,0.3293,1.3231,4.3231,0.3293,1.3229,0.3287,0.328,0.5096,5.5045,7.5052,6.5055,8.5055,11.5055,5.5054,3.5049,2.5043,0.5094,0.4611,1.4559,2.4564,3.4568,6.4569,6.457,9.4568,4.4565,0.4618,0.4608,0.3641,0.365,2.3595,2.3597,0.3658,3.3598,4.3597,0.3656,2.3591,0.3645,0.4673,4.462,9.4626,5.4629,12.463,14.4629,10.4628,6.4625,0.4679,0.467,0.4551,1.45,7.4505,2.4508,5.4509,9.4509,7.4508,2.4505,1.4498,0.455,0.4854,3.4803,12.481,4.4813,10.4813,11.4813,20.4812,5.4809,3.4801,0.4852,0.5098,6.5047,6.5052,6.5055,15.5056,14.5056,11.5054,5.5049,3.50409999999999,0.5092,0.5217,0.5226,3.5171,4.5175,5.5178,14.5178,15.5176,1.5171,0.5224,0.5215,0.4613,2.456,8.4567,3.4569,22.457,8.4569,8.4567,7.4564,4.4557,0.4609,0.4733,1.468,3.4686,7.469,9.469,12.469,9.4689,0.4747,5.4678,0.4729],[0.2668,1.2613,0.2677,0.2678,2.2618,0.2679,0.2679,0.2679,6.2615,0.2668,0.4848,3.47949999999999,4.48,4.4804,6.4804,24.4803,18.4802,1.4799,3.47939999999999,0.4847,0.406,0.4065,2.401,1.4014,6.4015,6.4015,6.4014,2.4011,0.4066,0.406,0.4966,3.49139999999999,9.4921,7.4924,17.4926,17.4926,26.4926,4.4923,4.49170000000001,0.4969,0.4909,1.4856,7.4862,5.4865,4.4866,10.4866,12.4864,5.4859,2.48529999999999,0.4905,0.3277,3.322,4.3225,2.3228,1.3229,3.3229,4.3228,2.3225,0.3282,0.3276,0.509,1.5038,9.5043,1.5046,7.5047,7.5047,10.5046,7.5042,1.5035,0.5087,1.4545,4.4552,4.4557,2.4561,10.4562,9.4563,6.4561,0.4617,1.4549,0.4602,0.3635,2.3583,1.3589,7.3593,7.3594,8.3594,6.3594,1.3591,1.3585,0.364,0.4665,4.46120000000001,4.4618,3.4621,7.4622,11.4622,6.4621,3.4617,1.4612,0.4664,0.4546,0.4555,3.4499,4.45,2.4501,3.4501,4.45,2.4497,2.44909999999999,0.4544,1.4787,1.4796,9.4802,5.4805,22.4806,15.4806,11.4803,1.4801,1.4794,0.4847,0.5091,3.50389999999999,4.5044,4.5047,10.5048,15.5048,11.5045,4.5041,2.50339999999999,0.5086,2.51489999999999,3.51559999999999,3.51619999999999,1.5166,7.5168,10.5168,7.5167,2.51629999999999,4.51560000000001,0.5209,0.4607,0.4615,4.4559,6.4561,9.4561,13.4561,5.456,2.4556,0.4611,0.4603,1.4665,1.4674,7.4678,3.4681,10.4682,5.4682,14.4681,5.4678,3.46709999999999,0.4724],[0.2663,1.2608,0.2672,0.2675,0.2675,0.2675,0.2675,0.2673,0.2668,0.2661,0.484,0.4847,5.47910000000001,2.47939999999999,4.4796,9.4796,5.47940000000001,4.47910000000001,0.4846,0.4839,0.4053,0.4059,0.4063,0.4067,2.4007,0.4068,1.4006,0.4065,0.4059,0.4053,0.4959,4.49060000000001,6.49120000000001,10.4916,16.4917,19.4918,22.4918,6.49150000000001,3.49099999999999,0.4963,0.4902,1.4848,5.48540000000001,3.48569999999999,1.4857,5.4857,6.48550000000001,3.48509999999999,1.4845,0.4899,0.3271,0.3276,3.322,2.3222,2.3223,3.3223,2.3221,0.3281,0.3277,1.321,1.5021,2.50289999999999,3.50349999999999,5.50380000000001,5.50390000000001,10.5039,11.5037,4.50340000000001,4.50270000000001,0.508,0.46,0.4607,2.45509999999999,1.4553,1.4554,0.4615,0.4613,2.45479999999999,0.4602,0.4595,0.3631,0.3637,1.3582,0.3647,3.3588,2.3588,2.3587,0.3646,1.358,0.3634,0.4658,1.4605,3.46099999999999,2.46129999999999,2.46139999999999,5.4614,4.4613,0.4671,2.46049999999999,0.4658,0.4539,1.4486,2.44919999999999,1.4493,1.4494,6.4493,4.4492,1.4489,1.4483,0.4537,0.4841,2.47879999999999,3.47939999999999,7.4797,6.4798,6.4799,4.4797,2.47939999999999,1.4787,0.484,1.5023,5.50310000000001,3.50369999999999,6.50390000000001,7.50390000000001,12.5039,8.50370000000001,1.5033,1.5026,0.5079,0.5203,2.51489999999999,3.51529999999999,5.51570000000001,5.51590000000001,5.51590000000001,6.51570000000001,2.51539999999999,0.521,0.5202,0.46,6.45460000000001,3.45499999999999,2.45529999999999,6.4554,5.4553,4.4552,6.45490000000001,1.4543,0.4597,0.4719,3.46649999999999,3.46699999999999,2.46729999999999,7.4674,6.4674,10.4673,0.4731,4.46630000000001,0.4717],[0.4842,4.47880000000001,1.4793,0.4859,0.4861,1.48,0.4859,0.4854,0.4848,0.484,5.59870000000001,18.5995,7.60020000000001,13.6007,8.60090000000001,15.6009,11.6007,18.6002,14.5995,12.5987,8.57470000000001,5.57550000000001,5.57620000000001,6.57670000000001,6.57690000000001,6.57690000000001,5.57670000000001,2.57619999999999,3.57549999999999,5.57470000000001,21.5987,45.5995000000002,40.6002000000002,30.6007,21.6009,30.6009,28.6007,32.6002000000002,31.5995,28.5987,4.59870000000001,10.5995,4.60020000000001,12.6007,6.60090000000001,9.60090000000001,7.60070000000001,7.60020000000001,5.59950000000001,7.59870000000001,1.5683,4.56910000000001,0.5759,0.5764,1.5705,2.57049999999999,1.5703,0.5759,1.5691,1.5683,9.59870000000001,40.5995000000002,30.6002,19.6007,23.6009,30.6009,28.6007,30.6002,25.5995,9.59870000000001,11.5927,23.5935,8.59420000000001,11.5947,5.59490000000001,13.5949,12.5947,16.5942,5.59350000000001,6.59270000000001,1.5865,5.58730000000001,4.58800000000001,1.5885,1.5887,0.5948,1.5885,0.5941,2.58729999999999,3.58649999999999,3.59869999999999,12.5995,8.60020000000001,10.6007,5.60090000000001,6.60090000000001,10.6007,6.60020000000001,7.59950000000001,8.59870000000001,5.59870000000001,16.5995,14.6002,17.6007,12.6009,19.6009,14.6007,17.6002,12.5995,19.5987,16.5987,37.5995000000002,22.6002,30.6007,39.6009000000003,38.6009000000003,33.6007000000002,41.6002000000002,24.5995,18.5987,17.5987,39.5995000000002,34.6002000000002,33.6007000000002,17.6009,34.6009000000003,21.6007,37.6002000000002,24.5995,20.5987,11.5987,38.5995000000002,25.6002,31.6007,14.6009,28.6009,16.6007,24.6002,28.5995,15.5987,16.5987,22.5995,16.6002,20.6007,12.6009,20.6009,12.6007,27.6002,18.5995,19.5987,13.5987,20.5995,13.6002,17.6007,7.60090000000001,19.6009,19.6007,14.6002,16.5995,8.59870000000001],[2.47879999999999,3.47949999999999,2.4802,6.4807,0.4871,1.481,2.4808,3.4803,3.47949999999999,0.4847,18.5995,34.6004000000002,25.6012,21.6017,20.6019,29.6019,11.6017,21.6012,26.6004,13.5995,8.57550000000001,14.5764,14.5772,15.5777,7.5779,20.5779,12.5777,11.5772,7.57640000000001,12.5755,28.5995,50.6004000000002,48.6012000000003,44.6017000000003,28.6019,54.6019000000003,34.6017000000003,70.6012000000003,47.6004000000002,37.5995000000002,14.5995,32.6004000000002,21.6012,20.6017,13.6019,21.6019,14.6017,29.6012,20.6004,21.5995,3.56909999999999,4.57000000000001,0.5769,4.5713,1.5715,1.5715,1.5713,6.57080000000001,1.57,1.5691,21.5995,29.6004,38.6012000000003,21.6017,20.6019,38.6019000000003,29.6017,35.6012000000003,23.6004,22.5995,7.59350000000001,13.5944,11.5952,6.5957,11.5959,12.5959,7.5957,11.5952,12.5944,10.5935,3.58729999999999,12.5882,10.589,8.5895,10.5897,7.5897,6.5895,8.58900000000001,6.58820000000001,6.58730000000001,18.5995,34.6004000000002,30.6012,27.6017,18.6019,33.6019000000003,25.6017,37.6012000000003,20.6004,21.5995,9.59950000000001,19.6004,15.6012,16.6017,11.6019,10.6019,12.6017,17.6012,10.6004,15.5995,14.5995,28.6004,18.6012,33.6017000000003,17.6019,35.6019000000003,27.6017,36.6012000000003,26.6004,19.5995,14.5995,27.6004,23.6012,34.6017000000003,19.6019,29.6019,21.6017,30.6012,24.6004,18.5995,9.59950000000001,19.6004,21.6012,17.6017,11.6019,18.6019,12.6017,13.6012,7.60040000000001,10.5995,23.5995,26.6004,29.6012,30.6017,17.6019,31.6019,19.6017,34.6012000000003,22.6004,22.5995,20.5995,48.6004000000002,22.6012,38.6017000000003,26.6019,31.6019,29.6017,47.6012000000003,34.6004000000002,20.5995],[4.47940000000001,8.4802,5.4809,2.4813,2.4817,5.4817,3.4815,6.4809,4.48,5.47910000000001,7.60020000000001,25.6012,24.6021,33.6027000000003,20.6029,26.6029,22.6027,23.6021,18.6012,16.6002,5.57620000000001,9.5772,5.578,4.5785,4.5787,8.5788,8.5786,11.578,3.57699999999999,6.57610000000001,27.6002,61.6012000000003,50.6021000000003,54.6027000000003,36.6029000000003,64.6029000000003,42.6027000000003,77.6021000000003,44.6012000000003,41.6002000000002,12.6002,19.6012,14.6021,17.6027,11.6029,22.6029,16.6027,20.6021,10.6012,9.60020000000001,4.56990000000001,9.57080000000001,10.5717,11.5722,9.5724,19.5724,11.5723,12.5717,12.5708,9.56990000000001,34.6002000000002,51.6012000000003,46.6021000000003,56.6027000000003,44.6029000000003,45.6029000000003,44.6027000000003,70.6021000000003,42.6012000000003,30.6002,13.5942,16.5952,13.5961,18.5967,13.5969,28.5969,10.5967,24.596,11.5951,15.5941,3.58809999999999,7.58900000000001,9.5899,14.5905,8.5907,11.5907,7.5905,7.5899,7.58900000000001,5.58800000000001,15.6002,22.6012,25.6021,24.6027,15.6029,31.6029,19.6027,29.6021,21.6012,20.6002,11.6002,17.6012,16.6021,15.6027,9.6029,21.6029,16.6027,20.6021,13.6012,17.6002,28.6002,41.6012000000003,32.6021000000003,34.6027000000003,29.6029,40.6029000000003,37.6027000000003,41.6021000000003,43.6012000000003,22.6002,24.6002,24.6012,21.6021,24.6027,27.6029,42.6029000000003,18.6027,57.6021000000003,35.6012000000003,23.6002,17.6002,43.6012000000003,26.6021,30.6027,20.6029,40.6029000000003,29.6027,31.6021,23.6012,24.6002,14.6002,39.6012000000003,35.6021000000003,27.6027,22.6029,38.6029000000003,24.6027,53.6021000000003,32.6012000000003,27.6002,21.6002,29.6012,34.6021000000003,18.6027,18.6029,45.6029000000003,19.6027,40.6021000000003,25.6012,17.6002],[2.47969999999999,4.4805,2.4814,5.4818,5.4819,9.4818,4.4817,8.4812,4.4804,2.47939999999999,13.6007,21.6017,33.6027000000003,36.6034000000003,16.6036,24.6036,27.6034,27.6027,15.6017,22.6007,2.57659999999999,10.5775,10.5785,10.5792,7.5793,9.5793,7.579,12.5784,9.5775,8.57650000000001,19.6007,52.6017000000003,38.6027000000003,37.6034000000003,37.6036000000003,30.6036,34.6034000000003,35.6027000000003,33.6017000000003,23.6007,10.6007,21.6017,15.6027,11.6034,15.6036,21.6036,17.6034,21.6027,12.6017,7.60070000000001,1.5704,8.5712,8.5722,4.5729,6.5731,17.5731,3.5729,8.5722,9.5713,7.57050000000001,14.6007,33.6017000000003,29.6027,29.6034,29.6036,35.6036000000003,30.6034,39.6027000000003,28.6017,27.6007,11.5947,18.5957,13.5967,14.5974,12.5976,20.5975,10.5973,18.5966,12.5956,9.59460000000001,4.58860000000001,9.5895,2.5905,8.5912,6.5914,5.5914,10.5912,7.5905,2.58949999999999,4.58850000000001,9.60070000000001,27.6017,22.6027,20.6034,19.6036,21.6036,15.6034,17.6027,19.6017,12.6007,19.6007,18.6017,20.6027,20.6034,11.6036,22.6036,14.6034,25.6027,21.6017,12.6007,12.6007,20.6017,31.6027,15.6034,9.6036,10.6036,15.6034,20.6027,14.6017,13.6007,12.6007,30.6017,22.6027,33.6034000000003,11.6036,21.6036,26.6034,33.6027000000003,21.6017,15.6007,19.6007,27.6017,28.6027,21.6034,20.6036,33.6036000000003,22.6034,38.6027000000003,20.6017,19.6007,23.6007,45.6017000000003,34.6027000000003,28.6034,27.6036,40.6036000000003,22.6034,33.6027000000003,26.6017,30.6007,16.6007,27.6017,32.6027000000003,31.6034,19.6036,23.6036,28.6034,33.6027000000003,24.6017,10.6007],[7.4799,8.4807,6.4815,5.4819,3.4819,7.4819,11.4819,13.4812,6.4804,4.4796,8.60090000000001,20.6019,20.6029,16.6036,19.6039,24.6039,16.6036,25.6029,17.6019,12.6009,5.57670000000001,8.5777,13.5786,11.5793,9.5795,7.5795,6.5792,13.5785,7.5775,8.57660000000001,31.6009,41.6019000000003,42.6029000000003,38.6036000000003,45.6039000000004,45.6039000000004,27.6036,43.6029000000003,33.6019000000003,26.6009,2.60089999999999,11.6019,4.6029,7.6036,4.6039,12.6039,5.6036,8.6029,7.6019,7.60090000000001,4.57050000000001,2.5715,4.5724,1.5731,8.5734,9.5734,5.5731,5.5724,2.5715,3.57069999999999,22.6009,31.6019,22.6029,22.6036,21.6039,26.6039,22.6036,48.6029000000003,25.6019,22.6009,11.5949,18.5959,17.5969,13.5975,14.5978,18.5978,19.5975,22.5968,16.5958,15.5948,6.58880000000001,18.5898,10.5907,10.5914,12.5917,19.5917,8.5914,9.5907,10.5897,6.58870000000001,8.60090000000001,15.6019,13.6029,11.6036,9.6039,18.6039,16.6036,18.6029,9.6019,11.6009,7.60090000000001,15.6019,12.6029,14.6036,10.6039,11.6039,8.6036,18.6029,7.6019,11.6009,11.6009,23.6019,17.6029,25.6036,16.6039,26.6039,12.6036,24.6029,19.6019,8.60090000000001,5.60090000000001,29.6019,26.6029,29.6036,16.6039,28.6039,22.6036,30.6029,18.6019,17.6009,11.6009,37.6019000000003,35.6029000000003,27.6036,17.6039,28.6039,16.6036,34.6029000000003,24.6019,23.6009,21.6009,33.6019000000003,31.6029,29.6036,24.6039,22.6039,28.6036,46.6029000000003,28.6019,28.6009,18.6009,43.6019000000003,29.6029,37.6036000000003,23.6039,34.6039000000004,15.6036,44.6029000000003,22.6019,25.6009],[10.4799,7.4807,8.4815,7.4819,9.4819,8.4819,9.4818,14.4812,24.4803,9.4796,15.6009,29.6019,26.6029,24.6036,24.6039,28.6039,23.6036,26.6029,18.6019,19.6009,2.57669999999999,8.5777,8.5786,5.5793,5.5795,8.5795,3.5792,8.5785,4.5775,3.57659999999999,29.6009,57.6019000000003,50.6029000000003,46.6036000000003,39.6039000000004,67.6039000000004,45.6036000000003,52.6029000000003,36.6019000000003,32.6009000000003,10.6009,21.6019,20.6029,13.6036,13.6039,18.6039,17.6036,22.6029,16.6019,20.6009,8.57050000000001,20.5715,10.5724,19.5731,14.5734,15.5734,12.5731,15.5724,12.5716,8.57070000000001,20.6009,37.6019000000003,38.6029000000003,19.6036,18.6039,38.6039000000004,15.6036,34.6029000000003,26.6019,11.6009,6.59490000000001,4.5959,17.5969,15.5975,13.5978,8.5978,9.5975,13.5968,10.5958,8.59480000000001,3.58879999999999,19.5898,7.5907,6.5914,6.5917,10.5917,7.5914,10.5907,7.5897,6.58870000000001,8.60090000000001,27.6019,20.6029,21.6036,9.6039,18.6039,15.6036,28.6029,17.6019,10.6009,14.6009,27.6019,26.6029,20.6036,16.6039,12.6039,18.6036,25.6029,15.6019,20.6009,16.6009,29.6019,27.6029,30.6036,19.6039,37.6039000000004,26.6036,48.6029000000003,22.6019,20.6009,11.6009,23.6019,23.6029,28.6036,9.6039,21.6039,18.6036,23.6029,20.6019,13.6009,22.6009,35.6019000000003,21.6029,19.6036,20.6039,24.6039,16.6036,35.6029000000003,20.6019,23.6009,12.6009,25.6019,27.6029,20.6036,13.6039,37.6039000000004,18.6036,28.6029,19.6019,15.6009,20.6009,30.6019,24.6029,29.6036,18.6039,41.6039000000004,20.6036,28.6029,14.6019,15.6009],[3.47969999999999,7.4805,13.4814,12.4818,4.4819,15.4818,14.4815,13.4811,18.4802,5.47940000000001,11.6007,11.6017,22.6027,27.6034,16.6036,23.6036,24.6034,16.6027,6.6017,11.6007,6.57650000000001,8.5774,11.5784,12.579,7.5792,7.5792,5.579,10.5783,11.5773,15.5763,22.6007,39.6017000000003,23.6027,37.6034000000003,31.6036,41.6036000000003,27.6034,40.6027000000003,30.6017,29.6007,18.6007,17.6017,18.6027,19.6034,17.6036,24.6036,18.6034,22.6027,12.6017,16.6007,6.57030000000001,7.5713,8.5723,9.573,6.5731,11.5731,3.573,10.5724,3.5715,10.5705,20.6007,35.6017000000003,20.6027,42.6034000000003,28.6036,26.6036,28.6034,47.6027000000003,33.6017000000003,36.6007000000002,11.5947,18.5957,18.5966,16.5973,11.5975,28.5975,21.5973,12.5966,11.5956,14.5946,8.58870000000001,11.5897,12.5906,9.5913,8.5914,20.5914,15.5912,15.5905,7.5895,17.5886,5.60070000000001,13.6017,10.6027,15.6034,20.6036,19.6036,12.6034,11.6027,7.6017,8.60070000000001,9.60070000000001,19.6017,17.6027,19.6034,19.6036,22.6036,10.6034,21.6027,19.6017,13.6007,12.6007,34.6017000000003,19.6027,22.6034,15.6036,31.6036,21.6034,39.6027000000003,26.6017,18.6007,12.6007,27.6017,22.6027,21.6034,18.6036,23.6036,19.6034,32.6027000000003,20.6017,19.6007,24.6007,38.6017000000003,26.6027,22.6034,27.6036,22.6036,15.6034,33.6027000000003,24.6017,25.6007,17.6007,27.6017,23.6027,24.6034,17.6036,23.6036,26.6034,23.6027,24.6017,12.6007,12.6007,25.6017,24.6027,24.6034,13.6036,23.6036,17.6034,33.6027000000003,15.6017,13.6007],[2.47939999999999,3.4802,1.4809,1.4813,1.4815,2.4815,7.4812,4.4806,1.4799,4.47910000000001,18.6002,21.6012,23.6021,27.6027,25.6029,26.6029,16.6027,32.6021000000003,18.6012,9.60020000000001,7.57600000000001,16.5769,10.5778,7.5783,11.5785,15.5785,9.5783,11.5777,8.57680000000001,6.57580000000001,29.6002,42.6012000000003,26.6021,37.6027000000003,37.6029000000003,43.6029000000003,27.6027,64.6021000000003,32.6012000000003,24.6002,11.6002,15.6012,11.6021,10.6027,11.6029,11.6029,8.6027,15.6021,15.6012,11.6002,4.57000000000001,2.57089999999999,3.5717,6.5723,5.5726,7.5727,7.5725,2.5719,3.57099999999999,2.57009999999999,16.6002,24.6012,13.6021,25.6027,21.6029,28.6029,18.6027,23.6021,22.6012,10.6002,10.5942,12.5952,9.596,11.5966,11.5968,15.5968,11.5966,9.596,6.59510000000001,7.59410000000001,4.58820000000001,11.5892,6.5901,7.5907,3.5908,9.5908,2.5905,10.59,3.58909999999999,5.58820000000001,15.6002,24.6012,27.6021,37.6027000000003,19.6029,31.6029,25.6027,33.6021000000003,19.6012,20.6002,10.6002,17.6012,24.6021,25.6027,17.6029,21.6029,12.6027,22.6021,19.6012,11.6002,17.6002,37.6012000000003,30.6021,29.6027,18.6029,42.6029000000003,22.6027,48.6021000000003,25.6012,24.6002,20.6002,30.6012,17.6021,22.6027,22.6029,37.6029000000003,24.6027,35.6021000000003,18.6012,20.6002,17.6002,36.6012000000003,25.6021,31.6027,24.6029,30.6029,18.6027,20.6021,24.6012,27.6002,15.6002,30.6012,27.6021,26.6027,18.6029,26.6029,22.6027,34.6021000000003,30.6012,24.6002,9.60020000000001,39.6012000000003,25.6021,23.6027,26.6029,27.6029,16.6027,46.6021000000003,26.6012,21.6002],[0.4848,3.47949999999999,0.4862,3.4805,5.4807,1.4807,4.4806,1.4801,3.47939999999999,0.4846,14.5995,26.6004,18.6012,15.6017,17.6019,18.6019,6.6017,18.6012,22.6004,8.59950000000001,1.5752,9.57610000000001,13.5768,11.5773,3.5775,12.5775,6.5773,7.57680000000001,8.57600000000001,7.57510000000001,27.5995,45.6004000000002,42.6012000000003,45.6017000000003,39.6019000000003,68.6019000000003,28.6017,77.6012000000003,48.6004000000002,33.5995000000002,16.5995,18.6004,22.6012,20.6017,17.6019,27.6019,17.6017,29.6012,13.6004,10.5995,7.56940000000001,10.5702,4.57100000000001,10.5715,3.5718,12.5718,2.5716,11.5711,7.57030000000001,8.56940000000001,16.5995,31.6004,21.6012,21.6017,14.6019,28.6019,22.6017,17.6012,20.6004,21.5995,14.5935,26.5943,16.5951,17.5956,14.5958,29.5958,13.5956,26.5951,7.59430000000001,9.59340000000001,5.58750000000001,15.5884,12.5892,11.5897,10.5899,16.5899,12.5897,22.5892,12.5884,5.58750000000001,18.5995,34.6004000000002,10.6012,24.6017,11.6019,15.6019,15.6017,25.6012,20.6004,12.5995,10.5995,22.6004,16.6012,8.6017,10.6019,17.6019,12.6017,16.6012,13.6004,13.5995,12.5995,41.6004000000002,25.6012,30.6017,17.6019,39.6019000000003,23.6017,39.6012000000003,19.6004,23.5995,11.5995,27.6004,16.6012,26.6017,20.6019,28.6019,20.6017,39.6012000000003,17.6004,27.5995,15.5995,32.6004000000002,21.6012,20.6017,23.6019,16.6019,25.6017,33.6012000000003,24.6004,16.5995,5.59950000000001,24.6004,19.6012,28.6017,13.6019,32.6019000000003,14.6017,22.6012,16.6004,7.59950000000001,8.59950000000001,30.6004,14.6012,14.6017,21.6019,29.6019,23.6017,14.6012,15.6004,14.5995],[0.484,1.4786,0.4852,0.4857,0.4859,2.4798,0.4857,0.4852,0.4847,0.4839,12.5987,13.5995,16.6002,22.6007,12.6009,19.6009,11.6007,9.60020000000001,8.59950000000001,9.59870000000001,3.57439999999999,2.57519999999999,2.57579999999999,0.5824,0.5826,1.5765,1.5763,0.5819,1.5751,0.5804,23.5987,63.5995000000002,34.6002000000002,38.6007000000002,28.6009,54.6009000000003,35.6007000000002,49.6002000000002,37.5995000000002,37.5987000000002,7.59870000000001,12.5995,12.6002,10.6007,13.6009,10.6009,7.60070000000001,12.6002,4.59950000000001,5.59870000000001,1.5686,5.56940000000001,1.5701,3.57059999999999,0.5769,1.5708,6.57060000000001,3.57009999999999,1.5694,3.56859999999999,11.5987,18.5995,21.6002,27.6007,25.6009,31.6009,18.6007,30.6002,21.5995,20.5987,4.59270000000001,11.5934,6.59410000000001,9.59460000000001,6.59480000000001,6.59480000000001,5.59460000000001,4.59410000000001,0.5995,1.5926,7.58670000000001,9.58750000000001,6.58820000000001,7.58870000000001,3.58889999999999,2.58889999999999,7.58870000000001,6.58820000000001,9.58750000000001,8.58670000000001,8.59870000000001,16.5995,8.60020000000001,16.6007,4.60090000000001,19.6009,8.60070000000001,7.60020000000001,7.59950000000001,4.59870000000001,1.5987,10.5995,7.60020000000001,11.6007,8.60090000000001,9.60090000000001,12.6007,7.60020000000001,4.59950000000001,4.59870000000001,17.5987,29.5995,21.6002,22.6007,16.6009,18.6009,12.6007,25.6002,17.5995,14.5987,21.5987,32.5995000000002,20.6002,38.6007000000002,23.6009,25.6009,20.6007,23.6002,19.5995,17.5987,6.59870000000001,16.5995,13.6002,15.6007,10.6009,11.6009,6.60070000000001,18.6002,12.5995,4.59870000000001,6.59870000000001,24.5995,18.6002,15.6007,5.60090000000001,13.6009,13.6007,11.6002,13.5995,6.59870000000001,11.5987,27.5995,15.6002,19.6007,19.6009,19.6009,23.6007,14.6002,15.5995,11.5987],[0.4056,0.4062,0.4068,0.4071,0.4071,0.4071,0.4069,0.4067,0.406,0.4053,8.57470000000001,8.57550000000001,5.57620000000001,2.57659999999999,5.57670000000001,2.57669999999999,6.57650000000001,7.57600000000001,1.5752,3.57439999999999,3.52629999999999,2.52709999999999,0.5339,3.52809999999999,0.5342,1.5281,2.52799999999999,4.52760000000001,4.52690000000001,1.5261,7.59870000000001,21.5995,13.6002,11.6007,9.60090000000001,9.60090000000001,14.6007,18.6002,12.5995,6.59870000000001,1.5807,6.58150000000001,3.58219999999999,5.58260000000001,6.58270000000001,1.5827,3.58249999999999,9.58200000000001,1.5813,1.5805,0.4477,0.4483,0.4489,0.4494,1.4433,0.4494,2.44299999999999,2.44249999999999,0.448,0.4474,3.59869999999999,17.5995,9.60020000000001,10.6007,12.6009,5.60090000000001,8.60070000000001,8.60020000000001,7.59950000000001,4.59870000000001,1.5505,6.55130000000001,1.552,7.55240000000001,3.55259999999999,6.55260000000001,5.55250000000001,6.55200000000001,3.55129999999999,3.55049999999999,0.5081,0.5088,0.5092,2.50359999999999,1.5038,0.5099,0.5097,0.5092,0.5085,0.5078,1.5927,6.59350000000001,2.59419999999999,3.59469999999999,2.59489999999999,3.59489999999999,9.59470000000001,3.59419999999999,3.59349999999999,2.59269999999999,2.56259999999999,8.56340000000001,4.56410000000001,5.56450000000001,8.56460000000001,5.56460000000001,8.56440000000001,10.5639,4.56330000000001,2.56249999999999,5.56870000000001,13.5695,8.57010000000001,15.5705,10.5705,13.5705,11.5703,14.5698,7.56910000000001,3.56829999999999,7.59270000000001,18.5935,8.59420000000001,16.5947,6.59490000000001,10.5949,16.5947,25.5942,14.5935,2.59269999999999,5.58670000000001,10.5875,5.58810000000001,15.5886,9.58880000000001,11.5888,8.58860000000001,13.5881,5.58740000000001,3.58659999999999,5.58070000000001,11.5815,8.58220000000001,16.5827,7.58290000000001,9.58290000000001,9.58260000000001,16.5821,10.5814,1.5806,2.58669999999999,9.58750000000001,4.58820000000001,5.58870000000001,5.58880000000001,2.58879999999999,9.58860000000001,6.58810000000001,6.58740000000001,4.58660000000001],[3.40029999999999,4.401,2.4014,2.4018,3.402,3.402,4.4016,3.4011,0.4065,0.4059,5.57550000000001,14.5764,9.5772,10.5775,8.5777,8.5777,8.5774,16.5769,9.57610000000001,2.57519999999999,2.52709999999999,11.528,3.5287,6.529,3.5291,3.5291,5.5289,9.5285,3.52779999999999,1.5269,10.5995,18.6004,16.6012,21.6017,20.6019,11.6019,15.6017,22.6012,15.6004,1.5995,4.58150000000001,9.58240000000001,3.58309999999999,9.5835,12.5837,4.5837,12.5835,11.583,9.58220000000001,2.58129999999999,0.4484,0.4491,1.4438,0.4503,0.4503,0.4503,3.4439,1.4434,0.4488,1.442,4.59950000000001,17.6004,6.60120000000001,14.6017,10.6019,7.6019,11.6017,13.6012,14.6004,3.59949999999999,0.5574,5.55220000000001,5.5529,3.5534,4.5536,3.5536,5.5534,4.5529,2.55209999999999,1.5512,2.50279999999999,3.50359999999999,3.50409999999999,6.5046,2.5048,1.5047,1.5044,2.50399999999999,6.50330000000001,0.5086,7.59350000000001,13.5944,9.59520000000001,19.5957,14.5959,11.5959,11.5957,20.5952,12.5944,3.59349999999999,0.5695,8.56430000000001,2.56509999999999,4.5654,2.5656,9.5656,4.5654,5.56490000000001,4.56410000000001,1.5632,4.56950000000001,14.5704,7.5711,16.5714,7.5715,7.5715,6.5713,14.5708,7.57000000000001,0.5752,3.59349999999999,11.5944,8.59520000000001,9.5957,8.5959,7.5959,10.5957,13.5952,6.59440000000001,1.5935,6.58750000000001,8.58840000000001,12.5891,4.5896,7.5898,3.5898,6.5896,7.58910000000001,4.58820000000001,0.5934,4.58150000000001,13.5824,5.58320000000001,14.5837,9.5838,9.5838,10.5836,10.5831,7.58220000000001,1.5813,5.58750000000001,16.5884,7.58920000000001,19.5896,9.5898,5.5898,8.5896,24.5891,13.5882,5.58730000000001],[0.4069,4.4015,2.402,3.4024,1.4024,3.4024,3.4022,3.4017,2.401,0.4063,5.57620000000001,14.5772,5.578,10.5785,13.5786,8.5786,11.5784,10.5778,13.5768,2.57579999999999,0.5339,3.5287,8.5293,2.5296,4.5298,3.5299,2.5298,5.5294,3.5286,0.5338,10.6002,37.6012000000003,8.6021,24.6027,20.6029,18.6029,17.6027,29.6021,23.6012,3.60019999999999,3.58219999999999,2.58319999999999,6.584,7.5845,5.5847,6.5847,6.5845,10.5839,6.58290000000001,0.588,1.4429,6.4437,4.4446,6.4449,4.445,1.4449,6.4446,8.4441,5.4434,1.4426,10.6002,21.6012,10.6021,23.6027,25.6029,13.6029,13.6027,32.6021000000003,12.6012,7.60020000000001,3.55189999999999,15.5528,7.5537,13.5542,3.5544,5.5544,8.5542,8.5537,5.5529,0.558,3.50349999999999,7.5043,2.5051,3.5054,3.5054,2.5054,3.5053,3.5049,7.5042,1.5033,3.59419999999999,10.5952,4.5961,11.5967,7.5969,9.5969,9.5967,12.5961,10.5951,1.5941,4.56400000000001,12.565,5.5659,4.5664,5.5666,3.5666,8.5663,10.5657,5.56480000000001,2.56379999999999,4.57020000000001,16.5712,14.5719,16.5723,12.5725,9.5725,18.5723,14.5717,11.5707,3.56969999999999,4.59420000000001,10.5952,6.5961,22.5967,8.5969,4.5969,11.5967,19.5961,14.5951,3.59409999999999,6.58820000000001,19.5892,8.59,11.5906,10.5908,12.5908,15.5905,18.5899,8.58900000000001,1.588,6.58220000000001,15.5832,6.5841,22.5847,8.5848,14.5848,20.5845,22.5839,12.5829,4.58190000000001,5.58820000000001,5.58920000000001,6.5901,15.5906,4.5908,7.5908,9.5905,18.5899,5.58900000000001,3.58799999999999],[0.4072,4.4019,2.4023,0.4087,1.4026,1.4026,1.4025,1.402,1.4014,0.4067,6.57670000000001,15.5777,4.5785,10.5792,11.5793,5.5793,12.579,7.5783,11.5773,0.5824,3.52809999999999,6.529,2.5296,9.5302,3.5304,3.5304,1.5303,4.5297,5.529,0.5343,8.60070000000001,14.6017,7.6027,19.6034,11.6036,9.6036,9.6034,16.6027,15.6017,1.6007,4.58270000000001,9.5837,6.5845,11.5852,2.5854,6.5854,2.5851,5.5844,5.5834,1.5824,1.4433,1.4443,3.4449,9.4452,3.4453,4.4452,5.4451,1.4446,3.4438,2.44299999999999,5.60070000000001,11.6017,4.6027,21.6034,13.6036,11.6036,15.6034,15.6027,11.6017,3.60069999999999,3.55229999999999,9.5532,6.5541,6.5548,8.5549,5.5549,9.5548,7.5543,7.5534,1.5524,0.5101,4.5047,2.5055,3.5059,2.5061,3.5061,2.5059,3.5053,0.5107,1.5038,4.59470000000001,6.5957,2.5967,9.5974,8.5976,6.5976,7.5973,9.5966,8.5956,6.59460000000001,4.56450000000001,8.5655,6.5663,9.567,6.5672,3.5672,5.5669,9.5663,4.5653,0.5704,3.57069999999999,9.5717,5.5725,9.573,7.5732,2.5732,5.5729,8.5722,7.5712,0.5763,6.59470000000001,10.5957,4.5967,16.5974,9.5976,10.5976,12.5973,7.5966,7.5956,3.59459999999999,4.58870000000001,9.5897,10.5907,13.5913,11.5914,10.5914,11.5912,16.5905,12.5895,2.58849999999999,9.58270000000001,7.5837,12.5847,22.5853,16.5854,5.5854,13.5851,9.5844,8.5834,2.58239999999999,4.58870000000001,14.5897,13.5906,9.5913,8.5914,4.5914,7.5912,12.5905,8.5895,5.58850000000001],[3.4012,8.4021,5.4025,4.4026,7.4026,2.4026,5.4025,4.4022,6.4015,2.4007,6.57690000000001,7.5779,4.5787,7.5793,9.5795,5.5795,7.5792,11.5785,3.5775,0.5826,0.5342,3.5291,4.5298,3.5304,5.5307,2.5307,6.5304,3.5298,5.5291,0.5343,11.6009,14.6019,12.6029,22.6036,15.6039,8.6039,15.6036,22.6029,11.6019,6.60090000000001,2.58289999999999,12.5839,2.5848,7.5854,4.5856,5.5856,7.5853,4.5846,3.5836,0.5887,1.4434,1.4443,2.445,2.4453,0.4514,2.4453,1.4453,2.4448,2.4441,0.4493,9.60090000000001,14.6019,10.6029,17.6036,7.6039,9.6039,14.6036,11.6029,13.6019,2.60089999999999,5.55240000000001,10.5534,2.5544,8.5549,3.5551,3.5551,8.5549,9.5543,4.5535,4.55250000000001,1.5041,6.5049,2.5057,5.5061,2.5063,7.5063,4.5062,4.5056,4.5048,3.50379999999999,5.59490000000001,2.5959,4.5969,19.5976,4.5978,3.5978,8.5975,6.5968,3.5958,1.5948,3.56469999999999,3.5657,4.5665,8.5672,2.5673,4.5673,8.5671,5.5665,4.5655,0.5706,6.57090000000001,13.5719,5.5726,15.5732,4.5734,5.5734,8.5731,8.5724,3.5714,0.5765,4.59490000000001,12.5959,6.5969,17.5976,5.5978,4.5978,12.5975,14.5968,7.5958,4.59480000000001,7.58890000000001,13.5899,8.5909,9.5915,6.5917,10.5917,8.5914,12.5907,9.5897,3.58869999999999,6.58290000000001,19.5839,3.5849,21.5855,9.5856,12.5856,16.5853,12.5846,5.5836,3.58259999999999,3.58889999999999,5.5899,9.5908,18.5915,7.5917,10.5917,15.5914,13.5907,6.5897,0.5948],[1.4012,4.402,4.4026,1.4026,5.4026,4.4026,7.4025,10.4023,6.4015,0.4068,6.57690000000001,20.5779,8.5788,9.5793,7.5795,8.5795,7.5792,15.5785,12.5775,1.5765,1.5281,3.5291,3.5299,3.5304,2.5307,3.5307,1.5304,1.5298,2.5291,0.5343,10.6009,9.6019,19.6029,23.6036,10.6039,14.6039,18.6036,28.6029,19.6019,5.60090000000001,4.58290000000001,10.5839,9.5848,6.5854,4.5856,6.5856,5.5853,8.5846,6.5836,2.58259999999999,2.4434,10.4443,6.445,7.4452,4.4453,3.4453,9.4453,6.4449,3.4441,0.4494,5.60090000000001,17.6019,4.6029,5.6036,10.6039,8.6039,11.6036,16.6029,7.6019,3.60089999999999,0.5585,2.5534,4.5544,9.5548,6.5551,2.5551,4.555,3.5543,2.5535,3.55249999999999,1.5041,6.505,3.5057,3.5062,2.5063,2.5063,2.5062,7.5057,3.5048,1.5038,1.5949,9.5959,6.5969,14.5976,9.5978,6.5978,3.5975,10.5968,3.5958,2.59479999999999,5.56470000000001,11.5657,4.5666,13.5671,6.5673,6.5673,6.5672,7.5665,7.5655,1.5645,6.57090000000001,11.5719,13.5727,20.5733,10.5734,12.5734,10.5731,13.5724,8.5714,0.5765,5.59490000000001,9.5959,11.5969,13.5976,7.5978,5.5978,7.5975,12.5968,4.5958,1.5948,8.58890000000001,9.5899,11.5909,10.5915,10.5917,8.5917,3.5914,18.5907,9.5897,6.58870000000001,4.58290000000001,13.5839,4.5848,12.5854,5.5856,12.5856,10.5853,12.5846,6.5836,1.5826,6.58890000000001,7.5899,6.5908,11.5914,8.5917,3.5917,6.5914,11.5907,14.5897,3.58869999999999],[3.4012,6.4019,2.4024,3.4026,7.4026,1.4026,3.4025,4.4021,6.4014,1.4006,5.57670000000001,12.5777,8.5786,7.579,6.5792,3.5792,5.579,9.5783,6.5773,1.5763,2.52799999999999,5.5289,2.5298,1.5303,6.5304,1.5304,2.5304,2.5298,1.5289,2.52799999999999,6.60070000000001,14.6017,14.6027,14.6034,9.6036,13.6036,17.6034,16.6027,14.6017,4.60070000000001,3.58269999999999,12.5837,8.5847,12.5852,3.5853,2.5853,5.5851,12.5844,10.5834,2.58239999999999,2.4432,3.4442,3.4447,1.445,2.4453,2.4453,1.4452,5.4449,2.4439,0.4493,7.60070000000001,11.6017,5.6027,20.6034,8.6036,5.6036,13.6034,19.6027,15.6017,2.60069999999999,2.55219999999999,9.5532,6.5541,8.5547,3.5548,6.5548,11.5547,5.5541,1.5532,1.5523,1.504,4.5049,5.5056,4.5062,7.5063,3.5063,9.5061,4.5056,3.5046,1.5037,2.59469999999999,10.5957,1.5967,7.5973,7.5975,4.5975,7.5973,10.5966,5.5956,1.5946,2.56449999999999,10.5655,3.5665,5.5668,6.567,4.567,8.5669,11.5663,6.5653,2.56429999999999,5.57070000000001,16.5717,5.5726,15.573,9.5731,7.5731,14.5729,15.5722,6.5712,3.57019999999999,5.59470000000001,10.5957,4.5967,14.5973,2.5975,5.5975,12.5973,15.5966,8.5956,2.59459999999999,4.58870000000001,14.5897,9.5907,13.5913,10.5914,4.5914,12.5912,11.5905,8.5895,3.58849999999999,4.58270000000001,12.5837,6.5846,16.5851,6.5853,6.5853,13.5851,6.5844,8.5834,0.5885,2.58869999999999,7.5897,6.5907,9.5912,2.5914,3.5914,7.5912,7.5905,3.58949999999999,3.58849999999999],[0.4069,2.4015,3.4021,2.4025,2.4025,0.4085,1.4023,1.4018,2.4011,0.4065,2.57619999999999,11.5772,11.578,12.5784,13.5785,8.5785,10.5783,11.5777,7.57680000000001,0.5819,4.52760000000001,9.5285,5.5294,4.5297,3.5298,1.5298,2.5298,4.5293,3.52839999999999,2.52749999999999,8.60020000000001,14.6012,7.6021,16.6027,14.6029,9.6029,18.6027,20.6021,14.6012,4.60020000000001,2.58219999999999,8.58320000000001,2.5841,3.5845,5.5846,3.5846,4.5844,10.5838,5.58290000000001,1.5819,3.44309999999999,2.4439,5.4443,2.4447,1.445,2.4451,1.4449,2.4445,3.4437,0.449,6.60020000000001,9.60120000000001,5.6021,10.6027,11.6029,6.6029,20.6027,7.6021,7.60120000000001,2.60019999999999,2.55169999999999,2.55269999999999,2.5534,6.554,5.5542,2.5542,3.554,12.5536,4.55270000000001,0.5579,2.50359999999999,6.5044,3.5053,5.5059,5.5061,2.506,1.5057,3.5052,0.5104,0.5095,6.594