[[0.5667,0.5693,0.5713,0.5727,0.5733,0.5734,0.5726,0.571,0.5692,0.5665,1.0298,3.0211,5.0245,3.027,8.0279,11.0277,4.0267,3.024,1.0336,1.0288,0.8636,3.8542,0.8704,0.8726,3.8603,1.8605,3.8593,0.8706,1.8544,0.8639,2.0402,7.0451,7.0489,9.05149999999999,16.0529,18.0531,14.052,10.0498,6.0462,1.0548,1.0421,3.0335,3.0368,2.0389,5.04,4.0399,4.0384,2.0358,2.0319,1.0403,0.6941,0.697,1.6863,0.701,0.7017,0.7017,0.7009,1.6857,0.6965,0.6933,1.0804,2.0719,13.0754,6.0779,5.079,19.0789,13.0775,9.07479999999999,2.0709,3.066,0.9796,1.9705,1.9736,2.9756,4.9764,2.9759,3.9744,2.9719,2.9683,0.9768,0.7703,0.774,1.7635,0.7787,0.7798,0.7799,1.7661,0.7776,0.775,0.7717,1.9782,1.9825,2.9858,2.9879,3.989,6.9889,1.9875,1.9851,2.9815,0.990200000000001,0.9647,0.969,5.9591,2.9613,4.9624,8.96229999999999,3.9611,3.9588,5.9554,0.964200000000001,1.0285,4.0198,8.0233,9.02559999999999,8.0267,17.0265,12.0253,6.0228,7.0191,1.0276,2.0681,3.0726,9.07599999999999,7.0781,11.0791,21.0786,18.077,6.074,7.0699,1.078,3.0936,3.0985,12.1022,8.1047,17.1056,8.1057,17.1044,6.1017,2.0977,1.1058,0.9788,3.9698,3.973,2.975,5.9759,11.9757,12.9743,1.9719,3.9683,0.9768,1.9911,1.0086,5.9987,2.0007,7.0016,3.0015,4.9998,4.9973,1.9936,1.0021],[0.5693,3.5584,0.5737,1.5619,0.5757,0.5755,2.5619,1.5603,1.5585,1.5561,5.021,4.0254,9.02879999999999,5.03110000000001,9.03219999999998,8.03200000000001,8.0309,4.0284,4.0248,2.0202,0.8671,4.8577,4.8608,4.8627,8.86369999999998,4.86370000000001,6.8627,2.8608,2.8581,0.8674,1.0582,8.0498,14.0535,10.0561,20.0574000000001,36.0576,26.0566,2.0542,1.0639,1.0594,1.0467,7.0379,5.0412,3.0436,10.0444,11.0442,8.0429,5.0403,9.03659999999999,1.045,0.6973,0.7003,0.7025,1.6911,0.705,2.6919,2.6907,0.7024,0.7,0.6968,2.0719,4.0765,11.0801,7.0825,14.0836,15.0834,11.0821,7.07940000000001,3.0756,1.084,0.9839,0.9879,7.9777,0.9928,4.98020000000001,3.98,3.9785,1.976,1.9724,0.981,0.774,0.7776,3.7671,4.769,1.7704,2.7702,3.7695,3.768,0.7788,0.7755,0.9957,4.9867,11.9899,5.99210000000001,12.9931,12.993,10.9916,4.9892,0.9989,0.9944,0.969,3.96,4.9632,3.9655,3.9665,8.96639999999998,5.96520000000001,1.963,2.9597,0.9686,1.0333,4.0245,7.0279,5.03010000000001,8.0312,19.0311,12.0298,1.0404,4.0236,1.0322,1.0861,2.0773,4.0806,5.08280000000001,11.0836,15.0832,10.0816,5.0787,7.0747,1.0828,1.1115,2.1031,4.1068,5.10920000000001,10.1103,3.1102,10.1088,3.1061,5.1023,1.1106,0.983,4.9739,6.977,5.97910000000001,5.98010000000001,9.97979999999998,8.97849999999998,3.976,0.9857,0.9812,2.9955,3.9996,9.00279999999999,18.0048,14.0058,17.0055,9.00409999999999,10.0014,2.9978,1.0064],[0.5713,0.5737,6.5623,0.5768,3.5643,2.5642,2.5636,1.5622,0.5737,0.5712,2.0245,3.0288,6.03210000000001,3.0343,7.03550000000001,9.03539999999997,14.034,2.0316,1.0413,1.0368,0.8699,2.8604,2.8634,2.8651,5.86630000000001,4.8662,2.8652,3.8634,1.8606,0.87,1.062,6.0534,17.0570000000001,9.05949999999998,29.0610000000001,29.0609000000001,29.0599000000001,12.0576,5.0543,2.0498,1.0503,5.0414,3.0447,2.0468,3.0479,7.04770000000001,4.0463,2.0437,3.0401,1.0487,0.7001,3.6899,7.6921,1.6936,5.6943,6.69430000000001,5.69330000000001,0.7049,1.6894,0.6993,1.0888,7.0802,15.0837,12.0859,17.0871000000001,17.0870000000001,20.0855000000001,5.0829,9.07919999999999,1.0877,0.987,4.9777,1.9807,4.9825,3.9835,6.98310000000001,5.9815,1.9791,2.9756,0.9844,0.7771,0.7805,0.7832,2.7719,1.773,2.7731,3.7723,1.7707,0.7816,0.7785,0.9991,2.99,3.9931,4.99510000000001,9.99629999999997,9.99599999999997,9.99479999999998,2.9923,2.9889,0.9976,0.9724,1.9633,2.9664,2.9685,5.96970000000001,6.96960000000001,4.9684,3.9662,1.963,0.972,1.037,7.0281,15.0314,5.03360000000001,17.0347000000001,26.0346000000001,19.0332000000001,5.0308,3.0273,1.0359,1.0898,2.0809,5.0842,4.0863,14.0871,23.0867000000001,18.0851000000001,9.08229999999998,4.0784,1.0865,3.102,6.10670000000001,9.11029999999998,10.1127,11.1138,15.1136,15.1123,5.10950000000001,3.1057,3.1007,1.9731,4.9771,13.9801,5.98210000000001,16.9832000000001,26.9829000000001,26.9815000000001,6.9792,3.9758,0.9846,1.012,9.00289999999999,8.006,4.0081,27.0090000000001,16.0087,11.0072,8.00470000000001,4.0012,1.0098],[0.5727,1.5619,0.5768,3.565,0.5787,2.5655,2.5646,0.5768,0.575,0.5728,1.0399,7.0312,3.0345,6.03670000000001,6.03760000000001,8.0376,13.0363,2.0339,4.0304,1.0389,0.8715,2.8619,3.8649,0.88,4.86800000000001,1.868,3.8669,2.8651,1.8624,0.8719,1.0645,1.0691,7.0595,3.062,11.0634,7.06340000000001,11.0623,5.06,2.0566,2.0522,3.0395,5.0438,3.0472,7.04930000000001,6.05040000000001,9.05019999999997,8.0487,5.0462,5.0426,1.051,0.702,1.6917,1.6939,0.7086,5.69620000000001,6.69590000000001,5.6951,1.6936,1.6913,0.7014,1.0913,4.0826,8.0861,6.08840000000001,19.0896000000001,18.0894000000001,18.0880000000001,3.0855,5.0818,1.0901,1.9758,2.9798,7.9827,5.9847,9.98539999999997,8.98519999999997,6.98370000000001,3.9812,2.9778,0.9865,0.7793,1.7694,1.7722,0.7871,4.77510000000001,2.7751,3.7744,1.7727,2.7705,0.7806,1.0012,3.9921,5.9952,2.9973,10.9985,9.99809999999997,9.99679999999997,7.9945,3.9911,0.9999,0.9746,2.9655,1.9686,4.97080000000001,5.97210000000001,7.97190000000001,7.9707,4.9686,0.9786,0.9744,1.0395,1.0438,4.0339,3.0361,5.03710000000001,7.03720000000001,5.03570000000001,7.0333,2.0298,1.0385,3.0791,2.0834,8.0867,6.08870000000001,9.08969999999997,10.0893,13.0875,6.0847,2.0808,1.0891,1.1176,6.10900000000001,13.1125,4.115,6.1161,11.116,12.1146,3.1119,4.1081,2.1032,0.9885,1.9793,6.9823,5.98440000000001,13.9854,18.9852000000001,22.9837000000001,3.9813,0.9911,0.9867,1.0143,4.0052,8.0083,2.0102,15.0112,15.0109,11.0094,3.007,2.0034,1.012],[0.5733,0.5757,3.5643,0.5787,2.5662,5.56620000000001,6.56540000000001,2.5644,2.5627,0.5734,1.041,1.0452,3.0352,6.0375,4.0387,10.0385,5.037,2.0347,6.0313,1.04,0.8722,3.8628,1.8655,1.8676,7.86850000000001,5.86870000000001,7.8675,2.8658,3.8629,0.8726,1.0656,7.057,11.0605,11.0629,19.0643000000001,14.0645,27.0632000000001,11.0611,5.0578,1.0667,1.0539,2.0449,4.0482,3.0503,2.05140000000001,5.0513,1.0629,3.0473,2.0437,1.0523,0.7031,0.706,0.7081,1.6965,1.6972,1.6971,5.696,1.6945,1.6924,0.7027,1.0926,3.0838,11.0871,7.0893,16.0905,18.0905000000001,17.0889000000001,4.0864,2.0828,1.0914,0.9899,2.9805,3.9835,2.9854,7.9863,9.98589999999997,10.9845,4.9821,0.992,0.9876,0.7804,0.7838,5.7731,1.7751,9.77619999999997,7.77640000000001,9.77529999999997,1.774,1.7716,0.7818,1.0023,3.9931,2.9961,4.9981,5.9991,2.9991,8.99749999999997,7.9952,1.9919,1.0009,0.9759,1.9667,4.9697,1.9716,8.97299999999997,5.9729,6.9717,2.9695,0.9796,0.9755,2.0276,2.0318,6.035,7.0371,6.0383,16.0382,11.0367,3.0344,2.031,1.0398,2.0803,3.0845,10.0876,3.0897,11.0906,22.0903000000001,18.0886000000001,4.0859,3.0821,1.0904,2.1052,3.1099,7.1134,3.1158,10.1169,11.1167,9.11549999999997,3.1128,3.1091,2.1043,0.9896,4.9803,10.9832,5.9852,10.9862,20.9859000000001,19.9845000000001,3.9822,1.9789,0.9877,1.0153,3.0061,4.0091,1.0243,15.0121,9.01169999999997,14.0102,5.0078,3.0043,1.0132],[0.5734,0.5755,2.5642,2.5655,5.56620000000001,5.56600000000001,4.56530000000001,1.5643,0.5758,0.5736,2.0278,2.032,6.0352,10.0373,8.0384,9.03829999999997,16.0369,3.0344,2.031,3.0266,0.872,3.8624,3.8651,1.8672,2.8683,4.86830000000001,1.8672,0.8787,2.8627,0.8723,1.0655,6.057,13.0604,6.0629,15.0642,23.0645000000001,30.0633000000001,8.06110000000001,6.0578,1.0667,2.0407,5.0449,5.0482,1.0635,7.0514,8.0513,9.04969999999997,6.0473,4.0437,1.0523,0.7035,3.6933,2.6955,3.6969,4.69750000000001,2.6974,5.6965,2.6951,0.7061,0.7029,2.0792,3.0836,7.087,4.0893,14.0905,9.09029999999997,13.0889,9.08639999999997,3.0829,1.0915,1.9766,1.9805,2.9833,2.9852,6.98620000000001,4.9858,5.9844,2.9819,3.9785,1.974,0.7807,1.7709,1.7736,1.7754,0.7895,3.7768,4.7757,1.7742,1.7721,0.7821,1.0021,3.9929,4.9959,3.998,5.999,10.9989,12.9974,2.9952,1.9919,1.0008,0.9758,3.9666,6.9696,5.9717,8.97309999999997,10.9729,6.9716,5.9696,0.9797,0.9756,1.0409,4.0319,14.0352,7.0372,12.0384,9.03839999999997,13.0369,3.0345,3.0311,1.0399,1.0935,3.0845,4.0876,6.0897,10.0906,13.0903,10.0886,6.0859,1.0953,1.0904,2.1051,3.1097,9.11309999999997,3.1155,12.1167,8.1166,14.1151,2.1125,2.1088,1.1173,0.9895,2.9802,7.9831,6.985,7.98620000000001,13.9858,20.9843000000001,2.9821,1.9788,0.9877,1.0151,3.0059,4.009,6.0109,12.0119,5.0117,15.0101,5.0078,3.0043,1.0131],[0.5726,2.5619,2.5636,2.5646,6.56540000000001,4.56530000000001,7.5646,1.5637,0.5752,0.5727,1.0396,3.0307,4.0339,5.0362,12.0372,10.0371,15.0358,8.0333,5.0299,1.0386,0.8707,4.861,3.8639,1.8658,5.86700000000001,7.86690000000001,3.8661,1.8641,1.8615,1.8578,1.0644,5.0558,13.0594,7.06180000000001,13.0634,22.0634000000001,10.0623,6.06,3.0566,1.0654,2.0395,4.0439,10.0472,5.04930000000001,12.0504,6.05030000000001,14.0487,4.0462,3.0425,1.0511,0.7031,0.7058,1.6949,0.7095,3.6973,4.69710000000001,6.6963,0.708,0.7056,0.7026,1.0912,8.0825,10.0859,4.0882,20.0894000000001,17.0894000000001,9.08779999999997,9.08529999999998,3.0816,1.0901,1.9752,2.9791,5.98210000000001,3.9841,9.98489999999997,8.98469999999997,10.9832,3.9808,1.9773,0.986,0.7803,5.7703,6.773,2.7749,9.77609999999997,7.77610000000001,10.7755,2.7737,1.7715,0.7814,1.0009,1.005,4.9949,4.99680000000001,8.99809999999997,8.99779999999997,8.99639999999997,1.994,5.9906,0.999400000000001,0.9748,2.9657,7.9688,2.9709,11.9721,6.97200000000001,10.9708,2.9686,1.9654,0.974400000000001,1.0398,5.0309,9.03419999999998,3.0365,10.0376,15.0374,18.0361000000001,7.0337,2.0302,1.0388,2.0791,5.0834,7.0867,14.0886,17.0897000000001,15.0892,12.0875,4.0847,4.0808,1.089,1.1168,3.1083,6.1119,4.1143,13.1153,15.1152,11.1139,7.1113,3.1075,2.1025,0.9883,4.9791,7.9821,4.98410000000001,11.9851,10.9848,5.9835,4.981,0.990800000000001,0.9864,1.0139,4.0048,6.0078,8.00980000000001,5.01090000000001,12.0105,10.0091,2.0067,1.0164,1.0117],[0.571,1.5603,1.5622,0.5768,2.5644,1.5643,1.5637,1.5627,0.5739,0.5716,1.037,4.0282,7.0314,9.03359999999998,14.0347,15.0346,14.0333,5.0308,2.0273,1.0359,0.8683,3.8588,3.8618,1.8637,4.86480000000001,10.8647,4.8638,1.862,0.872400000000001,0.8686,1.062,4.0534,8.057,6.05940000000001,19.0608000000001,18.0609000000001,31.0598000000001,5.0574,2.0541,2.0497,1.0503,3.0414,2.0447,6.04700000000001,6.04790000000001,10.0477,4.0463,3.0438,3.0402,1.0487,0.7015,1.6914,2.6936,0.7083,1.6959,4.6958,0.708,1.6936,0.7044,0.7014,1.0886,6.0799,8.0834,7.08570000000001,9.08689999999997,12.0867,6.08530000000001,4.0828,3.0791,1.0874,0.9859,1.9767,2.9796,3.9817,6.98240000000001,6.98220000000001,9.98099999999998,4.9784,0.988100000000001,0.983600000000001,0.778700000000001,0.782,2.7716,2.7734,0.7879,3.7748,4.7739,0.7855,2.7702,0.78,0.9984,4.9893,9.99249999999998,5.99440000000001,12.9955,14.9954,10.9939,6.9916,1.0014,0.997000000000001,0.9726,1.9635,7.9666,2.9688,5.96990000000001,9.96979999999997,7.96850000000001,2.9664,1.9632,0.972200000000001,1.0376,4.0287,13.032,5.03410000000001,11.0353,12.0352,21.0338000000001,6.0313,4.0278,1.0365,1.0897,7.0808,7.0841,7.08620000000001,16.0871,15.0866,12.085,6.0822,4.0783,1.0865,1.1141,1.1187,4.109,5.11140000000001,6.11260000000001,15.1124,16.111,2.1084,1.1179,1.113,0.986,2.9768,8.97969999999998,3.9817,22.9827000000001,8.98249999999998,8.98099999999998,7.9787,4.9753,0.984100000000001,1.0114,2.0022,4.0054,8.00730000000001,10.0084,13.0081,10.0067,1.0174,6.0007,1.0094],[0.5692,1.5585,0.5737,0.575,2.5627,0.5758,0.5752,0.5739,6.5588,0.5695,1.0334,4.0246,5.028,5.03000000000001,7.03120000000001,25.0312,19.0296,2.0272,4.0236,1.0322,0.865,0.869000000000001,2.8586,1.8606,6.86170000000001,6.8617,6.8608,2.8589,0.869100000000001,0.8654,1.0582,4.0497,10.0534,8.05600000000001,18.0574,18.0575000000001,27.0563,5.054,5.0506,1.0593,1.0468,2.038,8.0413,6.04350000000001,5.04450000000001,11.0443,13.043,6.0403,3.0366,1.045,0.6996,3.6895,4.6917,2.6931,1.6939,3.6938,4.693,2.6916,0.7022,0.699,1.0848,2.0762,10.0798,2.0821,8.08330000000001,8.08320000000001,11.0817,8.07910000000001,2.0753,1.0837,1.9692,4.9732,4.9762,2.9783,10.9792,9.97889999999998,6.9776,0.988300000000001,1.9715,0.9801,0.7763,2.7667,1.7693,7.7712,7.7722,8.77259999999998,6.7716,1.7702,1.7677,0.7776,0.9948,4.9858,4.989,3.9911,7.99210000000001,11.992,6.9907,3.9882,1.9847,0.9934,0.9693,0.9735,3.9635,4.9657,2.9668,3.9667,4.96550000000001,2.9632,2.9599,0.9688,2.0208,2.0252,10.0286,6.03100000000001,23.0320000000001,16.0319,12.0306,2.0281,2.0245,1.0331,1.086,4.0772,5.0805,5.08270000000001,11.0834,16.0831,12.0815,5.0786,3.0746,1.0827,3.0967,4.1015,4.1052,2.1075,8.10870000000001,11.1085,8.10720000000001,3.1045,5.1007,1.109,0.982500000000001,0.9866,4.9765,6.97850000000001,9.97949999999998,13.9792,5.9778,2.9753,0.985000000000001,0.9805,1.9945,1.9987,8.0019,4.0041,11.005,6.00470000000001,15.0033,6.0008,3.9972,1.0057],[0.5665,1.5561,0.5712,0.5728,0.5734,0.5736,0.5727,0.5716,0.5695,0.5669,1.0286,1.0331,6.0234,3.0256,5.0266,10.0266,6.0252,5.0227,1.0322,1.0275,0.8609,0.8648,0.8678,0.869900000000001,2.8578,0.871100000000001,1.8568,0.868100000000001,0.8651,0.8614,1.0534,5.0451,7.0488,11.0514,17.0528,20.053,23.0518,7.0496,4.046,1.0546,1.0421,2.0334,6.037,4.0391,2.0402,6.0398,7.0384,4.0358,2.0321,1.0404,0.6967,0.6998,3.6888,2.6905,2.6914,3.691,2.6904,0.702000000000001,0.6996,1.683,2.0667,3.0714,4.0751,6.0775,6.0786,11.0785,12.0771,5.0744,5.0706,1.0789,0.9779,0.982,2.972,1.974,1.9749,0.987700000000001,0.986500000000001,2.9706,0.9801,0.9755,0.773,0.7766,1.7664,0.781600000000001,3.7692,2.7697,2.7688,0.780300000000001,1.7646,0.7746,0.9902,1.9813,3.9845,2.9868,2.9878,5.9876,4.9863,0.997100000000001,2.9803,0.9889,0.965,1.9561,2.9594,1.9617,1.9627,6.9626,4.9614,1.9591,1.9557,0.9645,1.0296,3.0209,4.0243,8.02660000000001,7.0277,7.0276,5.0263,3.0238,2.0201,1.0286,2.068,6.0725,4.0758,7.078,8.07890000000001,13.0785,9.07679999999999,2.0739,2.0698,1.0779,1.1047,3.0963,4.0999,6.1025,6.1037,6.1036,7.1022,3.0996,1.1089,1.1039,0.9781,6.9691,3.9723,2.9742,6.9751,5.975,4.9734,6.971,1.9674,0.976,1.0032,3.9943,3.9975,2.9997,8.0005,7.0004,10.9989,1.0096,4.9926,1.0011],[1.0298,5.021,2.0245,1.0399,1.041,2.0278,1.0396,1.037,1.0334,1.0286,6.2706,19.2763,8.28069999999999,14.2837,9.28519999999999,16.2852,12.2837,19.2807,15.2763,13.2706,9.221,6.2265,6.23060000000001,7.2333,7.2347,7.2347,6.2332,3.2302,4.2258,6.2204,22.2706,46.2763,41.2807,31.2837,22.2852,31.2852,29.2837,33.2807,32.2763,29.2706,5.2706,11.2763,5.2807,13.2837,7.2852,10.2852,8.28369999999999,8.2807,6.2763,8.2706,2.2055,5.2111,1.2286,1.2315,2.2197,3.2197,2.2185,1.2288,2.2114,2.2061,10.2706,41.2763,31.2807,20.2837,24.2852,31.2852,29.2837,31.2807,26.2763,10.2706,12.2584,24.264,9.26829999999999,12.2712,6.2726,14.2726,13.2711,17.268,6.2636,7.2579,2.2446,6.2502,5.2544,2.2574,2.2588,1.272,2.2573,1.2675,3.2499,4.2443,4.2706,13.2763,9.28069999999999,11.2837,6.2852,7.2852,11.2837,7.2807,8.2763,9.2706,6.2706,17.2763,15.2807,18.2837,13.2852,20.2852,15.2837,18.2807,13.2763,20.2706,17.2706,38.2763,23.2807,31.2837,40.2852,39.2852,34.2837,42.2807,25.2763,19.2706,18.2706,40.2763,35.2807,34.2837,18.2852,35.2852,22.2837,38.2807,25.2763,21.2706,12.2706,39.2763,26.2807,32.2837,15.2852,29.2852,17.2837,25.2807,29.2763,16.2706,17.2706,23.2763,17.2807,21.2837,13.2852,21.2852,13.2837,28.2807,19.2763,20.2706,14.2706,21.2763,14.2807,18.2837,8.28519999999999,20.2852,20.2837,15.2807,17.2763,9.2706],[3.0211,4.0254,3.0288,7.0312,1.0452,2.032,3.0307,4.0282,4.0246,1.0331,19.2763,35.2819,26.2863,22.2893000000001,21.2907000000001,30.2907000000001,12.2893,22.2863,27.2819,14.2763,9.2263,15.2316,15.2357,16.2385,8.23979999999999,21.2396000000001,13.2383,12.2353,8.231,13.2256,29.2763,51.2819,49.2863,45.2892999999999,29.2907000000001,55.2907,35.2892999999999,71.2862999999999,48.2819,38.2763,15.2763,33.2819,22.2863,21.2893000000001,14.2907,22.2907000000001,15.2893,30.2863,21.2819,22.2763,4.2111,5.21660000000001,1.234,5.22380000000001,2.2251,2.2251,2.2239,7.22110000000001,2.2169,2.2117,22.2763,30.2819,39.2863,22.2893000000001,21.2907000000001,39.2907,30.2893000000001,36.2863,24.2819,23.2763,8.264,14.2695,12.2738,7.27670000000001,12.278,13.278,8.2765,12.2735,13.2691,11.2635,4.2503,13.2558,11.26,9.26299999999998,11.2643,8.26429999999999,7.26290000000001,9.25989999999999,7.25550000000001,7.25,19.2763,35.2819,31.2863,28.2893000000001,19.2907000000001,34.2907,26.2893000000001,38.2863,21.2819,22.2763,10.2763,20.2819,16.2863,17.2893000000001,12.2907,11.2907,13.2893,18.2863,11.2819,16.2763,15.2763,29.2819,19.2863,34.2892999999999,18.2907000000001,36.2907,28.2893000000001,37.2863,27.2819,20.2763,15.2763,28.2819,24.2863,35.2892999999999,20.2907000000001,30.2907000000001,22.2893000000001,31.2863,25.2819,19.2763,10.2763,20.2819,22.2863,18.2893000000001,12.2907,19.2907000000001,13.2893,14.2863,8.2819,11.2763,24.2763,27.2819,30.2863,31.2893000000001,18.2907000000001,32.2907,20.2893000000001,35.2863,23.2819,23.2763,21.2763,49.2819,23.2863,39.2892999999999,27.2907000000001,32.2907,30.2893000000001,48.2863,35.2819,21.2763],[5.0245,9.02879999999999,6.03210000000001,3.0345,3.0352,6.0352,4.0339,7.0314,5.028,6.0234,8.2807,26.2863,25.2906000000001,34.2935999999999,21.2949000000001,27.2949000000001,23.2936000000001,24.2906000000001,19.2863,17.2807,6.2303,10.2356,6.23960000000001,5.24240000000001,5.24360000000001,9.24339999999997,9.24219999999997,12.2392,4.235,7.2296,28.2807,62.2863,51.2905999999999,55.2935999999999,37.2948999999999,65.2948999999998,43.2935999999999,78.2905999999999,45.2863,42.2807,13.2807,20.2863,15.2906,18.2936000000001,12.2949,23.2949000000001,17.2936000000001,21.2906000000001,11.2863,10.2807,5.2154,10.2209,11.2251,12.228,10.2292,20.2292000000001,12.2281,13.2254,13.2213,10.216,35.2807,52.2863,47.2905999999999,57.2935999999999,45.2948999999999,46.2948999999999,45.2935999999999,71.2905999999999,43.2863,31.2807,14.2683,17.2738,14.278,19.2809000000001,14.2821,29.2821000000001,11.2807,25.2777000000001,12.2734,16.2678,4.2548,8.2602,10.2644,15.2673,9.26849999999997,12.2685,8.2672,8.2642,8.2599,6.2544,16.2807,23.2863,26.2906000000001,25.2936000000001,16.2949,32.2949,20.2936000000001,30.2906000000001,22.2863,21.2807,12.2807,18.2863,17.2906000000001,16.2936,10.2949,22.2949000000001,17.2936000000001,21.2906000000001,14.2863,18.2807,29.2807,42.2863,33.2905999999999,35.2935999999999,30.2949000000001,41.2948999999999,38.2935999999999,42.2905999999999,44.2863,23.2807,25.2807,25.2863,22.2906000000001,25.2936000000001,28.2949000000001,43.2948999999999,19.2936000000001,58.2905999999999,36.2863,24.2807,18.2807,44.2863,27.2906000000001,31.2936000000001,21.2949000000001,41.2948999999999,30.2936000000001,32.2906,24.2863,25.2807,15.2807,40.2863,36.2905999999999,28.2936000000001,23.2949000000001,39.2948999999999,25.2936000000001,54.2905999999999,33.2863,28.2807,22.2807,30.2863,35.2905999999999,19.2936000000001,19.2949000000001,46.2948999999999,20.2936000000001,41.2905999999999,26.2863,18.2807],[3.027,5.03110000000001,3.0343,6.03670000000001,6.0375,10.0373,5.0362,9.03359999999998,5.03000000000001,3.0256,14.2837,22.2893000000001,34.2935999999999,37.2965999999999,17.2979000000001,25.2979000000001,28.2966000000001,28.2936000000001,16.2893,23.2837,3.2329,11.2382,11.2422,11.245,8.24619999999999,10.246,8.2448,13.2418,10.2376,9.23219999999999,20.2837,53.2892999999999,39.2935999999999,38.2965999999999,38.2978999999999,31.2979000000001,35.2965999999999,36.2935999999999,34.2892999999999,24.2837,11.2837,22.2893000000001,16.2936,12.2966,16.2979,22.2979000000001,18.2966000000001,22.2936000000001,13.2893,8.2837,2.2185,9.22389999999998,9.22799999999998,5.23090000000001,7.2322,18.2322000000001,4.2311,9.22839999999998,10.2243,8.2191,15.2837,34.2892999999999,30.2936000000001,30.2966000000001,30.2979000000001,36.2978999999999,31.2966000000001,40.2935999999999,29.2893000000001,28.2837,12.2712,19.2767000000001,14.2809,15.2838,13.285,21.2850000000001,11.2836,19.2806000000001,13.2763,10.2707,5.2579,10.2633,3.2675,9.27029999999997,7.2716,6.2715,11.2702,8.2672,3.263,5.2574,10.2837,28.2893000000001,23.2936000000001,21.2966000000001,20.2979000000001,22.2979000000001,16.2966,18.2936000000001,20.2893000000001,13.2837,20.2837,19.2893000000001,21.2936000000001,21.2966000000001,12.2979,23.2979000000001,15.2966,26.2936000000001,22.2893000000001,13.2837,13.2837,21.2893000000001,32.2936,16.2966,10.2979,11.2979,16.2966,21.2936000000001,15.2893,14.2837,13.2837,31.2893000000001,23.2936000000001,34.2965999999999,12.2979,22.2979000000001,27.2966000000001,34.2935999999999,22.2893000000001,16.2837,20.2837,28.2893000000001,29.2936000000001,22.2966000000001,21.2979000000001,34.2978999999999,23.2966000000001,39.2935999999999,21.2893000000001,20.2837,24.2837,46.2892999999999,35.2935999999999,29.2966000000001,28.2979000000001,41.2978999999999,23.2966000000001,34.2935999999999,27.2893000000001,31.2837,17.2837,28.2893000000001,33.2935999999999,32.2966,20.2979000000001,24.2979000000001,29.2966000000001,34.2935999999999,25.2893000000001,11.2837],[8.0279,9.03219999999998,7.03550000000001,6.03760000000001,4.0387,8.0384,12.0372,14.0347,7.03120000000001,5.0266,9.28519999999999,21.2907000000001,21.2949000000001,17.2979000000001,20.2991000000001,25.2991000000001,17.2979000000001,26.2949000000001,18.2907000000001,13.2852,6.2341,9.23929999999998,14.2432,12.246,10.247,8.2471,7.2458,14.2429,8.23870000000001,9.23339999999999,32.2852,42.2907,43.2948999999999,39.2978999999999,46.2990999999999,46.2990999999999,28.2979000000001,44.2948999999999,34.2907,27.2852,3.2852,12.2907,5.29490000000001,8.2979,5.2991,13.2991,6.2979,9.29489999999997,8.2907,8.2852,5.2201,3.2254,5.22960000000001,2.2324,9.23349999999996,10.2336,6.23260000000001,6.22990000000001,3.226,4.2207,23.2852,32.2907,23.2949000000001,23.2979000000001,22.2991000000001,27.2991000000001,23.2979000000001,49.2948999999999,26.2907000000001,23.2852,12.2726,19.2780000000001,18.2821000000001,14.285,15.2862,19.2861000000001,20.2849000000001,23.2818000000001,17.2776000000001,16.2721,7.2595,19.2648000000001,11.2689,11.2718,13.2729,20.2729000000001,9.27169999999997,10.2687,11.2645,7.2591,9.28519999999999,16.2907,14.2949,12.2979,10.2991,19.2991000000001,17.2979000000001,19.2949000000001,10.2907,12.2852,8.2852,16.2907,13.2949,15.2979,11.2991,12.2991,9.29789999999996,19.2949000000001,8.2907,12.2852,12.2852,24.2907000000001,18.2949000000001,26.2979000000001,17.2991000000001,27.2991000000001,13.2979,25.2949000000001,20.2907000000001,9.28519999999999,6.2852,30.2907000000001,27.2949000000001,30.2979000000001,17.2991000000001,29.2991000000001,23.2979000000001,31.2949000000001,19.2907000000001,18.2852,12.2852,38.2907,36.2948999999999,28.2979000000001,18.2991000000001,29.2991000000001,17.2979000000001,35.2948999999999,25.2907000000001,24.2852,22.2852,34.2907,32.2949000000001,30.2979000000001,25.2991000000001,23.2991000000001,29.2979000000001,47.2948999999999,29.2907000000001,29.2852,19.2852,44.2907,30.2949000000001,38.2978999999999,24.2991000000001,35.2990999999999,16.2979,45.2948999999999,23.2907000000001,26.2852],[11.0277,8.03200000000001,9.03539999999997,8.03760000000001,10.0385,9.03829999999997,10.0371,15.0346,25.0312,10.0266,16.2852,30.2907000000001,27.2949000000001,25.2979000000001,25.2991000000001,29.2991000000001,24.2979000000001,27.2949000000001,19.2907000000001,20.2852,3.2337,9.23889999999998,9.24299999999997,6.2458,6.2469,9.24679999999996,4.24549999999999,9.24259999999997,5.23860000000001,4.2332,30.2852,58.2907,51.2948999999999,47.2978999999999,40.2990999999999,68.2990999999998,46.2978999999999,53.2948999999999,37.2907,33.2852,11.2852,22.2907000000001,21.2949000000001,14.2979,14.2991,19.2991000000001,18.2979000000001,23.2949000000001,17.2907000000001,21.2852,9.22039999999999,21.2256,11.2296,20.2326000000001,15.2338,16.2339,13.2328,16.23,13.226,9.22099999999999,21.2852,38.2907,39.2948999999999,20.2979000000001,19.2991000000001,39.2990999999999,16.2979,35.2948999999999,27.2907000000001,12.2852,7.2725,5.2779,18.2820000000001,16.285,14.2861,9.28599999999996,10.2848,14.2818,11.2776,9.27209999999999,4.2596,20.2650000000001,8.269,7.272,7.273,11.273,8.2717,11.2688,8.26460000000001,7.2593,9.28519999999999,28.2907000000001,21.2949000000001,22.2979000000001,10.2991,19.2991000000001,16.2979,29.2949000000001,18.2907000000001,11.2852,15.2852,28.2907000000001,27.2949000000001,21.2979000000001,17.2991000000001,13.2991,19.2979000000001,26.2949000000001,16.2907,21.2852,17.2852,30.2907000000001,28.2949000000001,31.2979000000001,20.2991000000001,38.2990999999999,27.2979000000001,49.2948999999999,23.2907000000001,21.2852,12.2852,24.2907000000001,24.2949000000001,29.2979000000001,10.2991,22.2991000000001,19.2979000000001,24.2949000000001,21.2907000000001,14.2852,23.2852,36.2907,22.2949000000001,20.2979000000001,21.2991000000001,25.2991000000001,17.2979000000001,36.2948999999999,21.2907000000001,24.2852,13.2852,26.2907000000001,28.2949000000001,21.2979000000001,14.2991,38.2990999999999,19.2979000000001,29.2949000000001,20.2907000000001,16.2852,21.2852,31.2907000000001,25.2949000000001,30.2979000000001,19.2991000000001,42.2990999999999,21.2979000000001,29.2949000000001,15.2907,16.2852],[4.0267,8.0309,14.034,13.0363,5.037,16.0369,15.0358,14.0333,19.0296,6.0252,12.2837,12.2893,23.2936000000001,28.2966000000001,17.2979000000001,24.2979000000001,25.2966000000001,17.2936000000001,7.28930000000001,12.2837,7.2321,9.23739999999998,12.2414,13.2442,8.2454,8.2452,6.24400000000001,11.241,12.2368,16.2314,23.2837,40.2892999999999,24.2936000000001,38.2965999999999,32.2979000000001,42.2978999999999,28.2966000000001,41.2935999999999,31.2893000000001,30.2837,19.2837,18.2893000000001,19.2936000000001,20.2966000000001,18.2979000000001,25.2979000000001,19.2966000000001,23.2936000000001,13.2893,17.2837,7.2191,8.22440000000001,9.22849999999998,10.2314,7.2328,12.2328,4.2317,11.2289,4.2249,11.2197,21.2837,36.2892999999999,21.2936000000001,43.2965999999999,29.2979000000001,27.2979000000001,29.2966000000001,48.2935999999999,34.2892999999999,37.2837,12.271,19.2765000000001,19.2807000000001,17.2836000000001,12.2848,29.2848000000001,22.2834000000001,13.2804,12.2761,15.2705,9.25829999999999,12.2637,13.2679,10.2707,9.27199999999996,21.2719000000001,16.2706,16.2676,8.26340000000001,18.2578,6.2837,14.2893,11.2936,16.2966,21.2979000000001,20.2979000000001,13.2966,12.2936,8.28930000000001,9.28369999999999,10.2837,20.2893000000001,18.2936000000001,20.2966000000001,20.2979000000001,23.2979000000001,11.2966,22.2936000000001,20.2893000000001,14.2837,13.2837,35.2892999999999,20.2936000000001,23.2966000000001,16.2979,32.2979000000001,22.2966000000001,40.2935999999999,27.2893000000001,19.2837,13.2837,28.2893000000001,23.2936000000001,22.2966000000001,19.2979000000001,24.2979000000001,20.2966000000001,33.2935999999999,21.2893000000001,20.2837,25.2837,39.2892999999999,27.2936000000001,23.2966000000001,28.2979000000001,23.2979000000001,16.2966,34.2935999999999,25.2893000000001,26.2837,18.2837,28.2893000000001,24.2936000000001,25.2966000000001,18.2979000000001,24.2979000000001,27.2966000000001,24.2936000000001,25.2893000000001,13.2837,13.2837,26.2893000000001,25.2936000000001,25.2966000000001,14.2979,24.2979000000001,18.2966000000001,34.2935999999999,16.2893,14.2837],[3.024,4.0284,2.0316,2.0339,2.0347,3.0344,8.0333,5.0308,2.0272,5.0227,19.2807,22.2863,24.2906000000001,28.2936000000001,26.2949000000001,27.2949000000001,17.2936000000001,33.2905999999999,19.2863,10.2807,8.22890000000001,17.2341,11.2383,8.24110000000001,12.2423,16.2422,10.2408,12.2379,9.23379999999999,7.2283,30.2807,43.2863,27.2906000000001,38.2935999999999,38.2948999999999,44.2948999999999,28.2936000000001,65.2905999999999,33.2863,25.2807,12.2807,16.2863,12.2906,11.2936,12.2949,12.2949,9.29359999999997,16.2906,16.2863,12.2807,5.2164,3.2217,4.2259,7.22880000000001,6.2301,8.23020000000001,8.22900000000001,3.2262,4.2223,3.2171,17.2807,25.2863,14.2906,26.2936000000001,22.2949000000001,29.2949000000001,19.2936000000001,24.2906000000001,23.2863,11.2807,11.2679,13.2734,10.2776,12.2806,12.2818,16.2817,12.2804,10.2774,7.27310000000001,8.2675,5.2555,12.2609,7.26510000000001,8.26790000000001,4.2692,10.2691,3.2678,11.2648,4.2606,6.255,16.2807,25.2863,28.2906000000001,38.2935999999999,20.2949000000001,32.2949000000001,26.2936000000001,34.2905999999999,20.2863,21.2807,11.2807,18.2863,25.2906000000001,26.2936000000001,18.2949000000001,22.2949000000001,13.2936,23.2906000000001,20.2863,12.2807,18.2807,38.2863,31.2906000000001,30.2936000000001,19.2949000000001,43.2948999999999,23.2936000000001,49.2905999999999,26.2863,25.2807,21.2807,31.2863,18.2906000000001,23.2936000000001,23.2949000000001,38.2948999999999,25.2936000000001,36.2905999999999,19.2863,21.2807,18.2807,37.2863,26.2906000000001,32.2936000000001,25.2949000000001,31.2949000000001,19.2936000000001,21.2906000000001,25.2863,28.2807,16.2807,31.2863,28.2906000000001,27.2936000000001,19.2949000000001,27.2949000000001,23.2936000000001,35.2905999999999,31.2863,25.2807,10.2807,40.2863,26.2906000000001,24.2936000000001,27.2949000000001,28.2949000000001,17.2936000000001,47.2905999999999,27.2863,22.2807],[1.0336,4.0248,1.0413,4.0304,6.0313,2.031,5.0299,2.0273,4.0236,1.0322,15.2763,27.2819,19.2863,16.2893,18.2907000000001,19.2907000000001,7.28930000000001,19.2863,23.2819,9.2763,2.2244,10.2297,14.2339,12.2368,4.238,13.238,7.2365,8.23360000000001,9.22929999999999,8.2238,28.2763,46.2819,43.2863,46.2892999999999,40.2907,69.2906999999998,29.2893000000001,78.2862999999999,49.2819,34.2763,17.2763,19.2819,23.2863,21.2893000000001,18.2907000000001,28.2907000000001,18.2893000000001,30.2863,14.2819,11.2763,8.21240000000001,11.2177,5.22200000000001,11.2249,4.2263,13.2264,3.2251,12.2223,8.21830000000001,9.213,17.2763,32.2819,22.2863,22.2893000000001,15.2907,29.2907000000001,23.2893000000001,18.2863,21.2819,22.2763,15.2635,27.269,17.2733,18.2762,15.2776,30.2775000000001,14.2761,27.2731,8.26870000000001,10.2631,6.2513,16.2567,13.261,12.2638,11.2652,17.2651000000001,13.2637,23.2607,13.2564,6.2508,19.2763,35.2819,11.2863,25.2893000000001,12.2907,16.2906999999999,16.2892999999999,26.2863,21.2819,13.2763,11.2763,23.2819,17.2863,9.28929999999998,11.2907,18.2907000000001,13.2893,17.2863,14.2819,14.2763,13.2763,42.2819,26.2863,31.2893000000001,18.2907000000001,40.2907,24.2893000000001,40.2863,20.2819,24.2763,12.2763,28.2819,17.2863,27.2893000000001,21.2907000000001,29.2907000000001,21.2893000000001,40.2863,18.2819,28.2763,16.2763,33.2819,22.2863,21.2893000000001,24.2907000000001,17.2907000000001,26.2893000000001,34.2863,25.2819,17.2763,6.2763,25.2819,20.2863,29.2893000000001,14.2907,33.2907,15.2893,23.2863,17.2819,8.2763,9.2763,31.2819,15.2863,15.2893,22.2907000000001,30.2907000000001,24.2893000000001,15.2863,16.2819,15.2763],[1.0288,2.0202,1.0368,1.0389,1.04,3.0266,1.0386,1.0359,1.0322,1.0275,13.2706,14.2763,17.2807,23.2837,13.2852,20.2852,12.2837,10.2807,9.2763,10.2706,4.2187,3.2241,3.2283,1.2444,1.2457,2.2325,2.2309,1.2412,2.2237,1.2313,24.2706,64.2763,35.2807,39.2837,29.2852,55.2852,36.2837,50.2807,38.2763,38.2706,8.27060000000001,13.2763,13.2807,11.2837,14.2852,11.2852,8.28370000000001,13.2807,5.2763,6.2706,2.2072,6.2126,2.2168,4.2197,1.2345,2.2215,7.2199,4.2171,2.2131,4.2078,12.2706,19.2763,22.2807,28.2837,26.2852,32.2852000000001,19.2837,31.2807,22.2763,21.2706,5.2578,12.2634,7.2677,10.2706,7.2721,7.272,6.2705,5.2675,1.2763,2.2574,8.24580000000001,10.2513,7.2556,8.25850000000001,4.2599,3.2599,8.25830000000001,7.25540000000001,10.251,9.2454,9.2706,17.2763,9.28069999999999,17.2837,5.2852,20.2852,9.28369999999999,8.28070000000001,8.27630000000001,5.2706,2.2706,11.2763,8.28070000000001,12.2837,9.28519999999999,10.2852,13.2837,8.28070000000001,5.2763,5.2706,18.2706,30.2763,22.2807,23.2837,17.2852,19.2852,13.2837,26.2807,18.2763,15.2706,22.2706,33.2763,21.2807,39.2837,24.2852,26.2852,21.2837,24.2807,20.2763,18.2706,7.2706,17.2763,14.2807,16.2837,11.2852,12.2852,7.2837,19.2807,13.2763,5.2706,7.2706,25.2763,19.2807,16.2837,6.2852,14.2852,14.2837,12.2807,14.2763,7.2706,12.2706,28.2763,16.2807,20.2837,20.2852,20.2852,24.2837,15.2807,16.2763,12.2706],[0.8636,0.8671,0.8699,0.8715,0.8722,0.872,0.8707,0.8683,0.865,0.8609,9.221,9.2263,6.2303,3.2329,6.2341,3.2337,7.2321,8.2289,2.2244,4.2187,4.1174,3.1223,1.1394,4.1287,1.1434,2.1302,3.1286,5.1259,5.122,2.117,8.2706,22.2763,14.2807,12.2837,10.2852,10.2852,15.2837,19.2807,13.2763,7.2706,2.2333,7.2386,4.2427,6.2454,7.2468,2.2465,4.2448,10.2418,2.2373,2.2316,0.9515,0.9557,0.9589,0.961,1.9488,0.9616,2.9471,2.9447,0.9544,0.950000000000001,4.2706,18.2763,10.2807,11.2837,13.2852,6.2852,9.28369999999999,9.28069999999999,8.2763,5.2706,2.1693,7.1745,2.1788,8.18139999999999,4.183,7.1828,6.1816,7.1788,4.1748,4.1696,1.0786,1.0834,1.0871,3.0762,2.0771,1.0904,1.089,1.0864,1.0825,1.0775,2.2585,7.2641,3.2684,4.2713,3.2727,4.2726,10.2711,4.2681,4.2636,3.2579,3.1952,9.2005,5.2046,6.2072,9.20849999999999,6.2082,9.20679999999999,11.2038,5.1995,3.194,6.2081,14.2133,9.21719999999999,16.2197,11.2208,14.2205,12.2187,15.2156,8.211,4.2053,8.2585,19.2641,9.26839999999999,17.2713,7.2727,11.2726,17.2711,26.2681,15.2636,3.2579,6.2457,11.2512,6.2554,16.2582,10.2595,12.2594,9.25779999999999,14.2547,6.2503,4.2446,6.2339,12.2393,9.24339999999999,17.2461,8.24729999999999,10.247,10.2455,17.2423,11.2378,2.2321,3.2458,10.2513,5.2555,6.2583,6.2597,3.2595,10.2579,7.2548,7.2504,5.2447],[3.8542,4.8577,2.8604,2.8619,3.8628,3.8624,4.861,3.8588,0.869,0.8648,6.2265,15.2316,10.2356,11.2382,9.23929999999998,9.23889999999998,9.23739999999998,17.2341,10.2297,3.2241,3.1223,12.1271,4.131,7.1336,4.1349,4.1348,6.13350000000001,10.1308,4.1271,2.1221,11.2763,19.2819,17.2863,22.2893000000001,21.2907000000001,12.2907,16.2893,23.2863,16.2819,2.2763,5.2388,10.2441,4.2482,10.2509,13.252,5.25180000000001,13.2503,12.2471,10.2427,3.2371,0.9559,0.9602,1.95,0.9653,0.9661,0.9659,3.9514,1.949,0.9587,1.9413,5.2763,18.2819,7.28630000000001,15.2893,11.2907,8.29069999999999,12.2893,14.2863,15.2819,4.2763,1.1875,6.17960000000001,6.18360000000001,4.1864,5.1877,4.1878,6.1865,5.18380000000001,3.1798,2.1747,3.0705,4.0752,4.0787,7.0811,3.0821,2.0821,2.0807,3.0781,7.0743,1.0827,8.2641,14.2696,10.2739,20.2768000000001,15.2781,12.278,12.2766,21.2735,13.2691,4.2635,1.2138,9.20569999999999,3.2097,5.21240000000001,3.2136,10.2133,5.21200000000001,6.20890000000001,5.20470000000001,2.1993,5.2136,15.2186,8.2225,17.2250000000001,8.22609999999999,8.22569999999999,7.22400000000001,15.2208,8.2164,1.224,4.2641,12.2696,9.27389999999999,10.2768,9.27809999999998,8.27799999999999,11.2766,14.2735,7.26910000000001,2.2635,7.2513,9.25669999999999,13.2609,5.26370000000001,8.26489999999999,4.2648,7.26330000000001,8.2602,5.25580000000001,1.2634,5.2393,14.2446,6.24870000000001,15.2514,10.2525,10.2523,11.2508,11.2476,8.2431,2.2375,6.2514,17.2568,8.261,20.2638000000001,10.265,6.2648,9.26339999999998,25.2602,14.2558,6.2502],[0.8704,4.8608,2.8634,3.8649,1.8655,3.8651,3.8639,3.8618,2.8586,0.8678,6.23060000000001,15.2357,6.23960000000001,11.2422,14.2432,9.24299999999997,12.2414,11.2383,14.2339,3.2283,1.1394,4.131,9.13479999999998,3.1373,5.13850000000001,4.1385,3.1372,6.1346,4.1309,1.1393,11.2807,38.2863,9.29059999999998,25.2936000000001,21.2949000000001,19.2949000000001,18.2936000000001,30.2906000000001,24.2863,4.2807,4.2431,3.2483,7.25230000000001,8.255,6.25610000000001,7.25590000000001,7.25440000000001,11.2513,7.24700000000001,1.2546,1.9463,6.9502,4.9532,6.9554,4.9562,1.956,6.9547,8.95229999999999,5.949,1.9448,11.2807,22.2863,11.2906,24.2936000000001,26.2949000000001,14.2949,14.2936,33.2905999999999,13.2863,8.2807,4.1781,16.1834,8.1873,14.1902,4.1913,6.19150000000001,9.19029999999997,9.18769999999998,6.18370000000001,1.1918,4.0746,8.0792,3.0826,4.0849,4.086,3.0859,4.0847,4.0821,8.0782,2.0734,4.2684,11.2739,5.27810000000001,12.281,8.28219999999999,10.2821,10.2808,13.2777,11.2734,2.2678,5.2046,13.2097,6.21360000000001,5.21630000000001,6.21740000000001,4.2172,9.21589999999997,11.2129,6.20880000000001,3.2034,5.21780000000001,17.2228,15.2266,17.2291000000001,13.23,10.2297,19.2281000000001,15.2249,12.2206,4.215,5.26840000000001,11.2739,7.27810000000001,23.2810000000001,9.28219999999997,5.28210000000001,12.2808,20.2777000000001,15.2734,4.2678,7.2556,20.261,9.26509999999998,12.2679,11.269,13.2689,16.2675,19.2644000000001,9.26009999999999,2.2545,7.2434,16.2487,7.25270000000001,23.2554000000001,9.25649999999997,15.2562,21.2548000000001,23.2516000000001,13.2473,5.24170000000001,6.2557,6.26100000000001,7.26510000000001,16.2679,5.26910000000001,8.26889999999999,10.2675,19.2644000000001,6.26010000000001,4.2545],[0.8726,4.8627,2.8651,0.88,1.8676,1.8672,1.8658,1.8637,1.8606,0.8699,7.2333,16.2385,5.24240000000001,11.245,12.246,6.2458,13.2442,8.2411,12.2368,1.2444,4.1287,7.1336,3.1373,10.1398,4.141,4.1411,2.1397,5.13730000000001,6.1336,1.1419,9.28369999999999,15.2893,8.29359999999999,20.2966000000001,12.2979,10.2979,10.2966,17.2936000000001,16.2893,2.2837,5.2459,10.2512,7.25520000000001,12.2579,3.2589,7.2588,3.2573,6.25420000000001,6.24990000000001,2.2443,1.9486,1.9524,3.9556,9.95769999999997,3.9584,4.9584,5.9571,1.9546,3.9516,2.9473,6.2837,12.2893,5.29360000000001,22.2966000000001,14.2979,12.2979,16.2966,16.2936,12.2893,4.2837,4.1806,10.1859,7.18980000000001,7.1926,9.19389999999997,6.1942,10.1927,8.1902,8.1862,2.1813,1.0907,5.082,3.0854,4.0878,3.0889,4.0886,3.0874,4.0849,1.0945,2.0764,5.2713,7.27680000000001,3.281,10.2839,9.28509999999996,7.285,8.2837,10.2806,9.27629999999998,7.2707,5.2072,9.21239999999998,7.21630000000001,10.219,7.22,4.2201,6.21860000000001,10.2157,5.21150000000001,1.2194,4.2207,10.2256,6.22940000000001,10.2319,8.23289999999999,3.2326,6.2309,9.22779999999998,8.2235,1.2311,7.2713,11.2768,5.28100000000001,17.2839000000001,10.2851,11.285,13.2837,8.2806,8.2763,4.2707,5.2586,10.2639,11.268,14.2708,12.272,11.2719,12.2704,17.2674000000001,13.263,3.2574,10.2462,8.2515,13.2555,23.2582000000001,17.2592000000001,6.259,14.2576,10.2544,9.24999999999998,3.2444,5.2585,15.2639,14.268,10.2708,9.27189999999996,5.2719,8.2704,13.2674,9.26299999999998,6.2574],[3.8603,8.86369999999998,5.86630000000001,4.86800000000001,7.86850000000001,2.8683,5.86700000000001,4.86480000000001,6.86170000000001,2.8578,7.2347,8.2398,5.24360000000001,8.2462,10.247,6.2469,8.2454,12.2423,4.238,1.2457,1.1434,4.1349,5.13850000000001,4.141,6.1421,3.1422,7.141,4.1385,6.1348,1.1433,12.2852,15.2907,13.2949,23.2979000000001,16.2991,9.29909999999996,16.2979,23.2949000000001,12.2907,7.2852,3.2474,13.2525,3.2564,8.2591,5.2601,6.26,8.2585,5.2555,4.2512,1.2589,1.95,1.9538,2.9568,2.9588,0.973,2.9595,1.9583,2.956,2.9529,0.9618,10.2852,15.2907,11.2949,18.2979000000001,8.2991,10.2991,15.2979,12.2949,14.2907,3.2852,6.182,11.1869,3.1909,9.19359999999997,4.195,4.1948,9.19389999999997,10.1911,5.1874,5.1823,2.0792,7.08380000000001,3.0872,6.08940000000001,3.0903,8.09,5.08910000000001,5.08640000000001,5.0827,4.0779,6.2727,3.2781,5.28220000000001,20.2851000000001,5.2862,4.2862,9.28489999999996,7.28190000000001,4.2776,2.2721,4.2084,4.2135,5.2174,9.22009999999996,3.2211,5.2211,9.21969999999997,6.21690000000001,5.2128,1.2207,7.222,14.227,6.23070000000001,16.2332,5.2339,6.2338,9.23219999999997,9.22909999999997,4.2248,1.2325,5.2727,13.2781,7.28220000000001,18.2851000000001,6.2862,5.2862,13.2849,15.2819,8.2776,5.2721,8.26,14.2653,9.26929999999997,10.2721,7.2732,11.273,9.27169999999997,13.2686,10.2644,4.2589,7.2475,20.2526000000001,4.2565,22.2592000000001,10.2603,13.2601,17.2586000000001,13.2556,6.2513,4.2458,4.2599,6.2652,10.2692,19.2720000000001,8.2731,11.273,16.2716,14.2686,7.2644,1.2721],[1.8605,4.86370000000001,4.8662,1.868,5.86870000000001,4.86830000000001,7.86690000000001,10.8647,6.8617,0.8711,7.2347,21.2396000000001,9.24339999999997,10.246,8.2471,9.24679999999996,8.2452,16.2422,13.238,2.2325,2.1302,4.1348,4.1385,4.1411,3.1422,4.1421,2.14110000000001,2.1384,3.1348,1.1431,11.2852,10.2907,20.2949000000001,24.2979000000001,11.2991,15.2991,19.2979000000001,29.2949000000001,20.2907000000001,6.2852,5.2473,11.2525,10.2564,7.2591,5.2601,7.2599,6.2585,9.25539999999997,7.2512,3.2457,2.9502,10.9541,6.95690000000001,7.95920000000001,4.96000000000001,3.96,9.95869999999997,6.9564,3.9531,0.9621,6.2852,18.2907000000001,5.29490000000001,6.2979,11.2991,9.29909999999996,12.2979,17.2949000000001,8.29070000000001,4.2852,1.1951,3.1869,5.19080000000001,10.1935,7.1948,3.1947,5.1936,4.1908,3.187,4.182,2.0795,7.08380000000001,4.0872,4.08979999999999,3.0909,3.0906,3.0892,8.08660000000001,4.083,2.0785,2.27