[[0.2464,0.2464,0.2464,0.2464,0.2464,0.2464,0.2464,0.2464,0.2464,0.2464,0.448,2.44239999999999,4.44240000000002,2.44239999999999,7.44240000000002,10.4424,3.44239999999999,2.44239999999999,0.448,0.448,0.3752,3.36959999999999,0.3752,0.3752,3.36959999999999,1.3696,3.36959999999999,0.3752,1.3696,0.3752,1.4536,6.45360000000002,6.45360000000002,8.45359999999995,15.4536,17.4536000000001,13.4536,9.45359999999995,5.45360000000002,0.4592,0.4536,2.44799999999999,2.44799999999999,1.448,4.44800000000002,3.44799999999999,3.44799999999999,1.448,1.448,0.4536,0.3024,0.3024,1.2968,0.3024,0.3024,0.3024,0.3024,1.2968,0.3024,0.3024,0.4704,1.4648,12.4647999999999,5.46480000000002,4.46480000000002,18.4648000000001,12.4647999999999,8.46479999999995,1.4648,2.46479999999999,0.4256,1.42,1.42,2.41999999999999,4.42000000000002,2.41999999999999,3.41999999999999,2.41999999999999,2.41999999999999,0.4256,0.336,0.336,1.3304,0.336,0.336,0.336,1.3304,0.336,0.336,0.336,1.4256,1.4256,2.42559999999999,2.42559999999999,3.42559999999999,6.42560000000002,1.4256,1.4256,2.42559999999999,0.4312,0.42,0.42,5.41440000000002,2.41439999999999,4.41440000000002,8.41439999999995,3.41439999999999,3.41439999999999,5.41440000000002,0.42,0.448,3.44239999999999,7.44240000000002,8.44239999999995,7.44240000000002,16.4424000000001,11.4424,5.44240000000002,6.44240000000002,0.448,1.4648,2.46479999999999,8.46479999999995,6.46480000000002,10.4647999999999,20.4648000000001,17.4648000000001,5.46480000000002,6.46480000000002,0.4704,2.47599999999999,2.47599999999999,11.4759999999999,7.47600000000002,16.4760000000001,7.47600000000002,16.4760000000001,5.47600000000002,1.476,0.4816,0.4256,3.41999999999999,3.41999999999999,2.41999999999999,5.42000000000002,11.42,12.42,1.42,3.41999999999999,0.4256,1.4312,0.4368,5.43120000000002,1.4312,6.43120000000002,2.43119999999999,4.43120000000002,4.43120000000002,1.4312,0.4368],[0.2464,3.24079999999999,0.2464,1.2408,0.2464,0.2464,2.24079999999999,1.2408,1.2408,1.2408,4.44240000000002,3.44239999999999,8.44239999999995,4.44240000000002,8.44239999999995,7.44240000000002,7.44240000000002,3.44239999999999,3.44239999999999,1.4424,0.3752,4.36960000000002,4.36960000000002,4.36960000000002,8.36959999999996,4.36960000000002,6.36960000000002,2.36959999999999,2.36959999999999,0.3752,0.4592,7.45360000000002,13.4536,9.45359999999995,19.4536000000001,35.4536000000001,25.4536000000001,1.4536,0.4592,0.4592,0.4536,6.44800000000002,4.44800000000002,2.44799999999999,9.44799999999995,10.448,7.44800000000002,4.44800000000002,8.44799999999995,0.4536,0.3024,0.3024,0.3024,1.2968,0.3024,2.29679999999999,2.29679999999999,0.3024,0.3024,0.3024,1.4648,3.46479999999999,10.4647999999999,6.46480000000002,13.4647999999999,14.4647999999999,10.4647999999999,6.46480000000002,2.46479999999999,0.4704,0.4256,0.4256,7.42000000000002,0.4256,4.42000000000002,3.41999999999999,3.41999999999999,1.42,1.42,0.4256,0.336,0.336,3.33039999999999,4.33040000000002,1.3304,2.33039999999999,3.33039999999999,3.33039999999999,0.336,0.336,0.4312,4.42560000000002,11.4256,5.42560000000002,12.4256,12.4256,10.4256,4.42560000000002,0.4312,0.4312,0.42,3.41439999999999,4.41440000000002,3.41439999999999,3.41439999999999,8.41439999999995,5.41440000000002,1.4144,2.41439999999999,0.42,0.448,3.44239999999999,6.44240000000002,4.44240000000002,7.44240000000002,18.4424000000001,11.4424,0.448,3.44239999999999,0.448,0.4704,1.4648,3.46479999999999,4.46480000000002,10.4647999999999,14.4647999999999,9.46479999999995,4.46480000000002,6.46480000000002,0.4704,0.4816,1.476,3.47599999999999,4.47600000000002,9.47599999999995,2.47599999999999,9.47599999999995,2.47599999999999,4.47600000000002,0.4816,0.4256,4.42000000000002,6.42000000000002,5.42000000000002,5.42000000000002,9.41999999999995,8.41999999999995,3.41999999999999,0.4256,0.4256,2.43119999999999,3.43119999999999,8.43119999999995,17.4312000000001,13.4312,16.4312000000001,8.43119999999995,9.43119999999995,2.43119999999999,0.4368],[0.2464,0.2464,6.24080000000001,0.2464,3.24079999999999,2.24079999999999,2.24079999999999,1.2408,0.2464,0.2464,1.4424,2.44239999999999,5.44240000000002,2.44239999999999,6.44240000000002,8.44239999999995,13.4424,1.4424,0.448,0.448,0.3752,2.36959999999999,2.36959999999999,2.36959999999999,5.36960000000002,4.36960000000002,2.36959999999999,3.36959999999999,1.3696,0.3752,0.4592,5.45360000000002,16.4536000000001,8.45359999999995,28.4536000000001,28.4536000000001,28.4536000000001,11.4536,4.45360000000002,1.4536,0.4536,4.44800000000002,2.44799999999999,1.448,2.44799999999999,6.44800000000002,3.44799999999999,1.448,2.44799999999999,0.4536,0.3024,3.29679999999999,7.29680000000001,1.2968,5.29680000000001,6.29680000000001,5.29680000000001,0.3024,1.2968,0.3024,0.4704,6.46480000000002,14.4647999999999,11.4647999999999,16.4648000000001,16.4648000000001,19.4648000000001,4.46480000000002,8.46479999999995,0.4704,0.4256,4.42000000000002,1.42,4.42000000000002,3.41999999999999,6.42000000000002,5.42000000000002,1.42,2.41999999999999,0.4256,0.336,0.336,0.336,2.33039999999999,1.3304,2.33039999999999,3.33039999999999,1.3304,0.336,0.336,0.4312,2.42559999999999,3.42559999999999,4.42560000000002,9.42559999999995,9.42559999999995,9.42559999999995,2.42559999999999,2.42559999999999,0.4312,0.42,1.4144,2.41439999999999,2.41439999999999,5.41440000000002,6.41440000000002,4.41440000000002,3.41439999999999,1.4144,0.42,0.448,6.44240000000002,14.4424,4.44240000000002,16.4424000000001,25.4424000000001,18.4424000000001,4.44240000000002,2.44239999999999,0.448,0.4704,1.4648,4.46480000000002,3.46479999999999,13.4647999999999,22.4648000000001,17.4648000000001,8.46479999999995,3.46479999999999,0.4704,2.47599999999999,5.47600000000002,8.47599999999995,9.47599999999995,10.4759999999999,14.4759999999999,14.4759999999999,4.47600000000002,2.47599999999999,2.47599999999999,1.42,4.42000000000002,13.42,5.42000000000002,16.4200000000001,26.4200000000001,26.4200000000001,6.42000000000002,3.41999999999999,0.4256,0.4368,8.43119999999995,7.43120000000002,3.43119999999999,26.4312000000001,15.4312,10.4312,7.43120000000002,3.43119999999999,0.4368],[0.2464,1.2408,0.2464,3.24079999999999,0.2464,2.24079999999999,2.24079999999999,0.2464,0.2464,0.2464,0.448,6.44240000000002,2.44239999999999,5.44240000000002,5.44240000000002,7.44240000000002,12.4424,1.4424,3.44239999999999,0.448,0.3752,2.36959999999999,3.36959999999999,0.3752,4.36960000000002,1.3696,3.36959999999999,2.36959999999999,1.3696,0.3752,0.4592,0.4592,6.45360000000002,2.45359999999999,10.4536,6.45360000000002,10.4536,4.45360000000002,1.4536,1.4536,2.44799999999999,4.44800000000002,2.44799999999999,6.44800000000002,5.44800000000002,8.44799999999995,7.44800000000002,4.44800000000002,4.44800000000002,0.4536,0.3024,1.2968,1.2968,0.3024,5.29680000000001,6.29680000000001,5.29680000000001,1.2968,1.2968,0.3024,0.4704,3.46479999999999,7.46480000000002,5.46480000000002,18.4648000000001,17.4648000000001,17.4648000000001,2.46479999999999,4.46480000000002,0.4704,1.42,2.41999999999999,7.42000000000002,5.42000000000002,9.41999999999995,8.41999999999995,6.42000000000002,3.41999999999999,2.41999999999999,0.4256,0.336,1.3304,1.3304,0.336,4.33040000000002,2.33039999999999,3.33039999999999,1.3304,2.33039999999999,0.336,0.4312,3.42559999999999,5.42560000000002,2.42559999999999,10.4256,9.42559999999995,9.42559999999995,7.42560000000002,3.42559999999999,0.4312,0.42,2.41439999999999,1.4144,4.41440000000002,5.41440000000002,7.41440000000002,7.41440000000002,4.41440000000002,0.42,0.42,0.448,0.448,3.44239999999999,2.44239999999999,4.44240000000002,6.44240000000002,4.44240000000002,6.44240000000002,1.4424,0.448,2.46479999999999,1.4648,7.46480000000002,5.46480000000002,8.46479999999995,9.46479999999995,12.4647999999999,5.46480000000002,1.4648,0.4704,0.4816,5.47600000000002,12.4759999999999,3.47599999999999,5.47600000000002,10.4759999999999,11.4759999999999,2.47599999999999,3.47599999999999,1.476,0.4256,1.42,6.42000000000002,5.42000000000002,13.42,18.4200000000001,22.4200000000001,3.41999999999999,0.4256,0.4256,0.4368,3.43119999999999,7.43120000000002,1.4312,14.4312,14.4312,10.4312,2.43119999999999,1.4312,0.4368],[0.2464,0.2464,3.24079999999999,0.2464,2.24079999999999,5.24080000000001,6.24080000000001,2.24079999999999,2.24079999999999,0.2464,0.448,0.448,2.44239999999999,5.44240000000002,3.44239999999999,9.44239999999995,4.44240000000002,1.4424,5.44240000000002,0.448,0.3752,3.36959999999999,1.3696,1.3696,7.36960000000002,5.36960000000002,7.36960000000002,2.36959999999999,3.36959999999999,0.3752,0.4592,6.45360000000002,10.4536,10.4536,18.4536000000001,13.4536,26.4536000000001,10.4536,4.45360000000002,0.4592,0.4536,1.448,3.44799999999999,2.44799999999999,1.448,4.44800000000002,0.4536,2.44799999999999,1.448,0.4536,0.3024,0.3024,0.3024,1.2968,1.2968,1.2968,5.29680000000001,1.2968,1.2968,0.3024,0.4704,2.46479999999999,10.4647999999999,6.46480000000002,15.4647999999999,17.4648000000001,16.4648000000001,3.46479999999999,1.4648,0.4704,0.4256,2.41999999999999,3.41999999999999,2.41999999999999,7.42000000000002,9.41999999999995,10.42,4.42000000000002,0.4256,0.4256,0.336,0.336,5.33040000000002,1.3304,9.33039999999996,7.33040000000002,9.33039999999996,1.3304,1.3304,0.336,0.4312,3.42559999999999,2.42559999999999,4.42560000000002,5.42560000000002,2.42559999999999,8.42559999999995,7.42560000000002,1.4256,0.4312,0.42,1.4144,4.41440000000002,1.4144,8.41439999999995,5.41440000000002,6.41440000000002,2.41439999999999,0.42,0.42,1.4424,1.4424,5.44240000000002,6.44240000000002,5.44240000000002,15.4424,10.4424,2.44239999999999,1.4424,0.448,1.4648,2.46479999999999,9.46479999999995,2.46479999999999,10.4647999999999,21.4648000000001,17.4648000000001,3.46479999999999,2.46479999999999,0.4704,1.476,2.47599999999999,6.47600000000002,2.47599999999999,9.47599999999995,10.4759999999999,8.47599999999995,2.47599999999999,2.47599999999999,1.476,0.4256,4.42000000000002,10.42,5.42000000000002,10.42,20.4200000000001,19.4200000000001,3.41999999999999,1.42,0.4256,0.4368,2.43119999999999,3.43119999999999,0.4368,14.4312,8.43119999999995,13.4312,4.43120000000002,2.43119999999999,0.4368],[0.2464,0.2464,2.24079999999999,2.24079999999999,5.24080000000001,5.24080000000001,4.24080000000001,1.2408,0.2464,0.2464,1.4424,1.4424,5.44240000000002,9.44239999999995,7.44240000000002,8.44239999999995,15.4424,2.44239999999999,1.4424,2.44239999999999,0.3752,3.36959999999999,3.36959999999999,1.3696,2.36959999999999,4.36960000000002,1.3696,0.3752,2.36959999999999,0.3752,0.4592,5.45360000000002,12.4536,5.45360000000002,14.4536,22.4536000000001,29.4536000000001,7.45360000000002,5.45360000000002,0.4592,1.448,4.44800000000002,4.44800000000002,0.4536,6.44800000000002,7.44800000000002,8.44799999999995,5.44800000000002,3.44799999999999,0.4536,0.3024,3.29679999999999,2.29679999999999,3.29679999999999,4.29680000000001,2.29679999999999,5.29680000000001,2.29679999999999,0.3024,0.3024,1.4648,2.46479999999999,6.46480000000002,3.46479999999999,13.4647999999999,8.46479999999995,12.4647999999999,8.46479999999995,2.46479999999999,0.4704,1.42,1.42,2.41999999999999,2.41999999999999,6.42000000000002,4.42000000000002,5.42000000000002,2.41999999999999,3.41999999999999,1.42,0.336,1.3304,1.3304,1.3304,0.336,3.33039999999999,4.33040000000002,1.3304,1.3304,0.336,0.4312,3.42559999999999,4.42560000000002,3.42559999999999,5.42560000000002,10.4256,12.4256,2.42559999999999,1.4256,0.4312,0.42,3.41439999999999,6.41440000000002,5.41440000000002,8.41439999999995,10.4144,6.41440000000002,5.41440000000002,0.42,0.42,0.448,3.44239999999999,13.4424,6.44240000000002,11.4424,8.44239999999995,12.4424,2.44239999999999,2.44239999999999,0.448,0.4704,2.46479999999999,3.46479999999999,5.46480000000002,9.46479999999995,12.4647999999999,9.46479999999995,5.46480000000002,0.4704,0.4704,1.476,2.47599999999999,8.47599999999995,2.47599999999999,11.4759999999999,7.47600000000002,13.4759999999999,1.476,1.476,0.4816,0.4256,2.41999999999999,7.42000000000002,6.42000000000002,7.42000000000002,13.42,20.4200000000001,2.41999999999999,1.42,0.4256,0.4368,2.43119999999999,3.43119999999999,5.43120000000002,11.4312,4.43120000000002,14.4312,4.43120000000002,2.43119999999999,0.4368],[0.2464,2.24079999999999,2.24079999999999,2.24079999999999,6.24080000000001,4.24080000000001,7.24080000000001,1.2408,0.2464,0.2464,0.448,2.44239999999999,3.44239999999999,4.44240000000002,11.4424,9.44239999999995,14.4424,7.44240000000002,4.44240000000002,0.448,0.3752,4.36960000000002,3.36959999999999,1.3696,5.36960000000002,7.36960000000002,3.36959999999999,1.3696,1.3696,1.3696,0.4592,4.45360000000002,12.4536,6.45360000000002,12.4536,21.4536000000001,9.45359999999995,5.45360000000002,2.45359999999999,0.4592,1.448,3.44799999999999,9.44799999999995,4.44800000000002,11.448,5.44800000000002,13.448,3.44799999999999,2.44799999999999,0.4536,0.3024,0.3024,1.2968,0.3024,3.29679999999999,4.29680000000001,6.29680000000001,0.3024,0.3024,0.3024,0.4704,7.46480000000002,9.46479999999995,3.46479999999999,19.4648000000001,16.4648000000001,8.46479999999995,8.46479999999995,2.46479999999999,0.4704,1.42,2.41999999999999,5.42000000000002,3.41999999999999,9.41999999999995,8.41999999999995,10.42,3.41999999999999,1.42,0.4256,0.336,5.33040000000002,6.33040000000002,2.33039999999999,9.33039999999996,7.33040000000002,10.3304,2.33039999999999,1.3304,0.336,0.4312,0.4312,4.42560000000002,4.42560000000002,8.42559999999995,8.42559999999995,8.42559999999995,1.4256,5.42560000000002,0.4312,0.42,2.41439999999999,7.41440000000002,2.41439999999999,11.4144,6.41440000000002,10.4144,2.41439999999999,1.4144,0.42,0.448,4.44240000000002,8.44239999999995,2.44239999999999,9.44239999999995,14.4424,17.4424000000001,6.44240000000002,1.4424,0.448,1.4648,4.46480000000002,6.46480000000002,13.4647999999999,16.4648000000001,14.4647999999999,11.4647999999999,3.46479999999999,3.46479999999999,0.4704,0.4816,2.47599999999999,5.47600000000002,3.47599999999999,12.4759999999999,14.4759999999999,10.4759999999999,6.47600000000002,2.47599999999999,1.476,0.4256,4.42000000000002,7.42000000000002,4.42000000000002,11.42,10.42,5.42000000000002,4.42000000000002,0.4256,0.4256,0.4368,3.43119999999999,5.43120000000002,7.43120000000002,4.43120000000002,11.4312,9.43119999999995,1.4312,0.4368,0.4368],[0.2464,1.2408,1.2408,0.2464,2.24079999999999,1.2408,1.2408,1.2408,0.2464,0.2464,0.448,3.44239999999999,6.44240000000002,8.44239999999995,13.4424,14.4424,13.4424,4.44240000000002,1.4424,0.448,0.3752,3.36959999999999,3.36959999999999,1.3696,4.36960000000002,10.3696,4.36960000000002,1.3696,0.3752,0.3752,0.4592,3.45359999999999,7.45360000000002,5.45360000000002,18.4536000000001,17.4536000000001,30.4536000000001,4.45360000000002,1.4536,1.4536,0.4536,2.44799999999999,1.448,5.44800000000002,5.44800000000002,9.44799999999995,3.44799999999999,2.44799999999999,2.44799999999999,0.4536,0.3024,1.2968,2.29679999999999,0.3024,1.2968,4.29680000000001,0.3024,1.2968,0.3024,0.3024,0.4704,5.46480000000002,7.46480000000002,6.46480000000002,8.46479999999995,11.4647999999999,5.46480000000002,3.46479999999999,2.46479999999999,0.4704,0.4256,1.42,2.41999999999999,3.41999999999999,6.42000000000002,6.42000000000002,9.41999999999995,4.42000000000002,0.4256,0.4256,0.336,0.336,2.33039999999999,2.33039999999999,0.336,3.33039999999999,4.33040000000002,0.336,2.33039999999999,0.336,0.4312,4.42560000000002,9.42559999999995,5.42560000000002,12.4256,14.4256,10.4256,6.42560000000002,0.4312,0.4312,0.42,1.4144,7.41440000000002,2.41439999999999,5.41440000000002,9.41439999999995,7.41440000000002,2.41439999999999,1.4144,0.42,0.448,3.44239999999999,12.4424,4.44240000000002,10.4424,11.4424,20.4424000000001,5.44240000000002,3.44239999999999,0.448,0.4704,6.46480000000002,6.46480000000002,6.46480000000002,15.4647999999999,14.4647999999999,11.4647999999999,5.46480000000002,3.46479999999999,0.4704,0.4816,0.4816,3.47599999999999,4.47600000000002,5.47600000000002,14.4759999999999,15.4759999999999,1.476,0.4816,0.4816,0.4256,2.41999999999999,8.41999999999995,3.41999999999999,22.4200000000001,8.41999999999995,8.41999999999995,7.42000000000002,4.42000000000002,0.4256,0.4368,1.4312,3.43119999999999,7.43120000000002,9.43119999999995,12.4312,9.43119999999995,0.4368,5.43120000000002,0.4368],[0.2464,1.2408,0.2464,0.2464,2.24079999999999,0.2464,0.2464,0.2464,6.24080000000001,0.2464,0.448,3.44239999999999,4.44240000000002,4.44240000000002,6.44240000000002,24.4424000000001,18.4424000000001,1.4424,3.44239999999999,0.448,0.3752,0.3752,2.36959999999999,1.3696,6.36960000000002,6.36960000000002,6.36960000000002,2.36959999999999,0.3752,0.3752,0.4592,3.45359999999999,9.45359999999995,7.45360000000002,17.4536000000001,17.4536000000001,26.4536000000001,4.45360000000002,4.45360000000002,0.4592,0.4536,1.448,7.44800000000002,5.44800000000002,4.44800000000002,10.448,12.448,5.44800000000002,2.44799999999999,0.4536,0.3024,3.29679999999999,4.29680000000001,2.29679999999999,1.2968,3.29679999999999,4.29680000000001,2.29679999999999,0.3024,0.3024,0.4704,1.4648,9.46479999999995,1.4648,7.46480000000002,7.46480000000002,10.4647999999999,7.46480000000002,1.4648,0.4704,1.42,4.42000000000002,4.42000000000002,2.41999999999999,10.42,9.41999999999995,6.42000000000002,0.4256,1.42,0.4256,0.336,2.33039999999999,1.3304,7.33040000000002,7.33040000000002,8.33039999999996,6.33040000000002,1.3304,1.3304,0.336,0.4312,4.42560000000002,4.42560000000002,3.42559999999999,7.42560000000002,11.4256,6.42560000000002,3.42559999999999,1.4256,0.4312,0.42,0.42,3.41439999999999,4.41440000000002,2.41439999999999,3.41439999999999,4.41440000000002,2.41439999999999,2.41439999999999,0.42,1.4424,1.4424,9.44239999999995,5.44240000000002,22.4424000000001,15.4424,11.4424,1.4424,1.4424,0.448,0.4704,3.46479999999999,4.46480000000002,4.46480000000002,10.4647999999999,15.4647999999999,11.4647999999999,4.46480000000002,2.46479999999999,0.4704,2.47599999999999,3.47599999999999,3.47599999999999,1.476,7.47600000000002,10.4759999999999,7.47600000000002,2.47599999999999,4.47600000000002,0.4816,0.4256,0.4256,4.42000000000002,6.42000000000002,9.41999999999995,13.42,5.42000000000002,2.41999999999999,0.4256,0.4256,1.4312,1.4312,7.43120000000002,3.43119999999999,10.4312,5.43120000000002,14.4312,5.43120000000002,3.43119999999999,0.4368],[0.2464,1.2408,0.2464,0.2464,0.2464,0.2464,0.2464,0.2464,0.2464,0.2464,0.448,0.448,5.44240000000002,2.44239999999999,4.44240000000002,9.44239999999995,5.44240000000002,4.44240000000002,0.448,0.448,0.3752,0.3752,0.3752,0.3752,2.36959999999999,0.3752,1.3696,0.3752,0.3752,0.3752,0.4592,4.45360000000002,6.45360000000002,10.4536,16.4536000000001,19.4536000000001,22.4536000000001,6.45360000000002,3.45359999999999,0.4592,0.4536,1.448,5.44800000000002,3.44799999999999,1.448,5.44800000000002,6.44800000000002,3.44799999999999,1.448,0.4536,0.3024,0.3024,3.29679999999999,2.29679999999999,2.29679999999999,3.29679999999999,2.29679999999999,0.3024,0.3024,1.2968,1.4648,2.46479999999999,3.46479999999999,5.46480000000002,5.46480000000002,10.4647999999999,11.4647999999999,4.46480000000002,4.46480000000002,0.4704,0.4256,0.4256,2.41999999999999,1.42,1.42,0.4256,0.4256,2.41999999999999,0.4256,0.4256,0.336,0.336,1.3304,0.336,3.33039999999999,2.33039999999999,2.33039999999999,0.336,1.3304,0.336,0.4312,1.4256,3.42559999999999,2.42559999999999,2.42559999999999,5.42560000000002,4.42560000000002,0.4312,2.42559999999999,0.4312,0.42,1.4144,2.41439999999999,1.4144,1.4144,6.41440000000002,4.41440000000002,1.4144,1.4144,0.42,0.448,2.44239999999999,3.44239999999999,7.44240000000002,6.44240000000002,6.44240000000002,4.44240000000002,2.44239999999999,1.4424,0.448,1.4648,5.46480000000002,3.46479999999999,6.46480000000002,7.46480000000002,12.4647999999999,8.46479999999995,1.4648,1.4648,0.4704,0.4816,2.47599999999999,3.47599999999999,5.47600000000002,5.47600000000002,5.47600000000002,6.47600000000002,2.47599999999999,0.4816,0.4816,0.4256,6.42000000000002,3.41999999999999,2.41999999999999,6.42000000000002,5.42000000000002,4.42000000000002,6.42000000000002,1.42,0.4256,0.4368,3.43119999999999,3.43119999999999,2.43119999999999,7.43120000000002,6.43120000000002,10.4312,0.4368,4.43120000000002,0.4368],[0.448,4.44240000000002,1.4424,0.448,0.448,1.4424,0.448,0.448,0.448,0.448,5.55440000000003,18.5544000000001,7.55440000000003,13.5543999999999,8.55439999999994,15.5543999999999,11.5543999999999,18.5544000000001,14.5543999999999,12.5543999999999,8.53199999999994,5.53200000000003,5.53200000000003,6.53200000000003,6.53200000000003,6.53200000000003,5.53200000000003,2.53199999999998,3.53199999999998,5.53200000000003,21.5544000000001,45.5544000000001,40.5544000000001,30.5544000000001,21.5544000000001,30.5544000000001,28.5544000000001,32.5544000000001,31.5544000000001,28.5544000000001,4.55440000000003,10.5543999999999,4.55440000000003,12.5543999999999,6.55440000000003,9.55439999999994,7.55440000000003,7.55440000000003,5.55440000000003,7.55440000000003,1.5264,4.52640000000003,0.532,0.532,1.5264,2.52639999999998,1.5264,0.532,1.5264,1.5264,9.55439999999994,40.5544000000001,30.5544000000001,19.5544000000001,23.5544000000001,30.5544000000001,28.5544000000001,30.5544000000001,25.5544000000001,9.55439999999994,11.5487999999999,23.5488000000001,8.54879999999994,11.5487999999999,5.54880000000003,13.5487999999999,12.5487999999999,16.5488000000001,5.54880000000003,6.54880000000003,1.5432,5.54320000000003,4.54320000000003,1.5432,1.5432,0.5488,1.5432,0.5488,2.54319999999998,3.54319999999998,3.55439999999998,12.5543999999999,8.55439999999994,10.5543999999999,5.55440000000003,6.55440000000003,10.5543999999999,6.55440000000003,7.55440000000003,8.55439999999994,5.55440000000003,16.5544000000001,14.5543999999999,17.5544000000001,12.5543999999999,19.5544000000001,14.5543999999999,17.5544000000001,12.5543999999999,19.5544000000001,16.5544000000001,37.5544000000001,22.5544000000001,30.5544000000001,39.5544000000001,38.5544000000001,33.5544000000001,41.5544000000001,24.5544000000001,18.5544000000001,17.5544000000001,39.5544000000001,34.5544000000001,33.5544000000001,17.5544000000001,34.5544000000001,21.5544000000001,37.5544000000001,24.5544000000001,20.5544000000001,11.5543999999999,38.5544000000001,25.5544000000001,31.5544000000001,14.5543999999999,28.5544000000001,16.5544000000001,24.5544000000001,28.5544000000001,15.5543999999999,16.5544000000001,22.5544000000001,16.5544000000001,20.5544000000001,12.5543999999999,20.5544000000001,12.5543999999999,27.5544000000001,18.5544000000001,19.5544000000001,13.5543999999999,20.5544000000001,13.5543999999999,17.5544000000001,7.55440000000003,19.5544000000001,19.5544000000001,14.5543999999999,16.5544000000001,8.55439999999994],[2.44239999999999,3.44239999999999,2.44239999999999,6.44240000000002,0.448,1.4424,2.44239999999999,3.44239999999999,3.44239999999999,0.448,18.5544000000001,34.5544000000001,25.5544000000001,21.5544000000001,20.5544000000001,29.5544000000001,11.5543999999999,21.5544000000001,26.5544000000001,13.5543999999999,8.53199999999994,14.5319999999999,14.5319999999999,15.5319999999999,7.53200000000003,20.5320000000001,12.5319999999999,11.5319999999999,7.53200000000003,12.5319999999999,28.5544000000001,50.5544000000001,48.5544000000001,44.5544000000001,28.5544000000001,54.5544000000001,34.5544000000001,70.5544000000001,47.5544000000001,37.5544000000001,14.5543999999999,32.5544000000001,21.5544000000001,20.5544000000001,13.5543999999999,21.5544000000001,14.5543999999999,29.5544000000001,20.5544000000001,21.5544000000001,3.52639999999998,4.52640000000003,0.532,4.52640000000003,1.5264,1.5264,1.5264,6.52640000000003,1.5264,1.5264,21.5544000000001,29.5544000000001,38.5544000000001,21.5544000000001,20.5544000000001,38.5544000000001,29.5544000000001,35.5544000000001,23.5544000000001,22.5544000000001,7.54880000000003,13.5487999999999,11.5487999999999,6.54880000000003,11.5487999999999,12.5487999999999,7.54880000000003,11.5487999999999,12.5487999999999,10.5487999999999,3.54319999999998,12.5431999999999,10.5431999999999,8.54319999999994,10.5431999999999,7.54320000000003,6.54320000000003,8.54319999999994,6.54320000000003,6.54320000000003,18.5544000000001,34.5544000000001,30.5544000000001,27.5544000000001,18.5544000000001,33.5544000000001,25.5544000000001,37.5544000000001,20.5544000000001,21.5544000000001,9.55439999999994,19.5544000000001,15.5543999999999,16.5544000000001,11.5543999999999,10.5543999999999,12.5543999999999,17.5544000000001,10.5543999999999,15.5543999999999,14.5543999999999,28.5544000000001,18.5544000000001,33.5544000000001,17.5544000000001,35.5544000000001,27.5544000000001,36.5544000000001,26.5544000000001,19.5544000000001,14.5543999999999,27.5544000000001,23.5544000000001,34.5544000000001,19.5544000000001,29.5544000000001,21.5544000000001,30.5544000000001,24.5544000000001,18.5544000000001,9.55439999999994,19.5544000000001,21.5544000000001,17.5544000000001,11.5543999999999,18.5544000000001,12.5543999999999,13.5543999999999,7.55440000000003,10.5543999999999,23.5544000000001,26.5544000000001,29.5544000000001,30.5544000000001,17.5544000000001,31.5544000000001,19.5544000000001,34.5544000000001,22.5544000000001,22.5544000000001,20.5544000000001,48.5544000000001,22.5544000000001,38.5544000000001,26.5544000000001,31.5544000000001,29.5544000000001,47.5544000000001,34.5544000000001,20.5544000000001],[4.44240000000002,8.44239999999995,5.44240000000002,2.44239999999999,2.44239999999999,5.44240000000002,3.44239999999999,6.44240000000002,4.44240000000002,5.44240000000002,7.55440000000003,25.5544000000001,24.5544000000001,33.5544000000001,20.5544000000001,26.5544000000001,22.5544000000001,23.5544000000001,18.5544000000001,16.5544000000001,5.53200000000003,9.53199999999994,5.53200000000003,4.53200000000003,4.53200000000003,8.53199999999994,8.53199999999994,11.5319999999999,3.53199999999998,6.53200000000003,27.5544000000001,61.5544000000001,50.5544000000001,54.5544000000001,36.5544000000001,64.5544000000001,42.5544000000001,77.5544000000001,44.5544000000001,41.5544000000001,12.5543999999999,19.5544000000001,14.5543999999999,17.5544000000001,11.5543999999999,22.5544000000001,16.5544000000001,20.5544000000001,10.5543999999999,9.55439999999994,4.52640000000003,9.52639999999994,10.5263999999999,11.5263999999999,9.52639999999994,19.5264000000001,11.5263999999999,12.5263999999999,12.5263999999999,9.52639999999994,34.5544000000001,51.5544000000001,46.5544000000001,56.5544000000001,44.5544000000001,45.5544000000001,44.5544000000001,70.5544000000001,42.5544000000001,30.5544000000001,13.5487999999999,16.5488000000001,13.5487999999999,18.5488000000001,13.5487999999999,28.5488000000001,10.5487999999999,24.5488000000001,11.5487999999999,15.5487999999999,3.54319999999998,7.54320000000003,9.54319999999994,14.5431999999999,8.54319999999994,11.5431999999999,7.54320000000003,7.54320000000003,7.54320000000003,5.54320000000003,15.5543999999999,22.5544000000001,25.5544000000001,24.5544000000001,15.5543999999999,31.5544000000001,19.5544000000001,29.5544000000001,21.5544000000001,20.5544000000001,11.5543999999999,17.5544000000001,16.5544000000001,15.5543999999999,9.55439999999994,21.5544000000001,16.5544000000001,20.5544000000001,13.5543999999999,17.5544000000001,28.5544000000001,41.5544000000001,32.5544000000001,34.5544000000001,29.5544000000001,40.5544000000001,37.5544000000001,41.5544000000001,43.5544000000001,22.5544000000001,24.5544000000001,24.5544000000001,21.5544000000001,24.5544000000001,27.5544000000001,42.5544000000001,18.5544000000001,57.5544000000001,35.5544000000001,23.5544000000001,17.5544000000001,43.5544000000001,26.5544000000001,30.5544000000001,20.5544000000001,40.5544000000001,29.5544000000001,31.5544000000001,23.5544000000001,24.5544000000001,14.5543999999999,39.5544000000001,35.5544000000001,27.5544000000001,22.5544000000001,38.5544000000001,24.5544000000001,53.5544000000001,32.5544000000001,27.5544000000001,21.5544000000001,29.5544000000001,34.5544000000001,18.5544000000001,18.5544000000001,45.5544000000001,19.5544000000001,40.5544000000001,25.5544000000001,17.5544000000001],[2.44239999999999,4.44240000000002,2.44239999999999,5.44240000000002,5.44240000000002,9.44239999999995,4.44240000000002,8.44239999999995,4.44240000000002,2.44239999999999,13.5543999999999,21.5544000000001,33.5544000000001,36.5544000000001,16.5544000000001,24.5544000000001,27.5544000000001,27.5544000000001,15.5543999999999,22.5544000000001,2.53199999999998,10.5319999999999,10.5319999999999,10.5319999999999,7.53200000000003,9.53199999999994,7.53200000000003,12.5319999999999,9.53199999999994,8.53199999999994,19.5544000000001,52.5544000000001,38.5544000000001,37.5544000000001,37.5544000000001,30.5544000000001,34.5544000000001,35.5544000000001,33.5544000000001,23.5544000000001,10.5543999999999,21.5544000000001,15.5543999999999,11.5543999999999,15.5543999999999,21.5544000000001,17.5544000000001,21.5544000000001,12.5543999999999,7.55440000000003,1.5264,8.52639999999994,8.52639999999994,4.52640000000003,6.52640000000003,17.5264000000001,3.52639999999998,8.52639999999994,9.52639999999994,7.52640000000003,14.5543999999999,33.5544000000001,29.5544000000001,29.5544000000001,29.5544000000001,35.5544000000001,30.5544000000001,39.5544000000001,28.5544000000001,27.5544000000001,11.5487999999999,18.5488000000001,13.5487999999999,14.5487999999999,12.5487999999999,20.5488000000001,10.5487999999999,18.5488000000001,12.5487999999999,9.54879999999994,4.54320000000003,9.54319999999994,2.54319999999998,8.54319999999994,6.54320000000003,5.54320000000003,10.5431999999999,7.54320000000003,2.54319999999998,4.54320000000003,9.55439999999994,27.5544000000001,22.5544000000001,20.5544000000001,19.5544000000001,21.5544000000001,15.5543999999999,17.5544000000001,19.5544000000001,12.5543999999999,19.5544000000001,18.5544000000001,20.5544000000001,20.5544000000001,11.5543999999999,22.5544000000001,14.5543999999999,25.5544000000001,21.5544000000001,12.5543999999999,12.5543999999999,20.5544000000001,31.5544000000001,15.5543999999999,9.55439999999994,10.5543999999999,15.5543999999999,20.5544000000001,14.5543999999999,13.5543999999999,12.5543999999999,30.5544000000001,22.5544000000001,33.5544000000001,11.5543999999999,21.5544000000001,26.5544000000001,33.5544000000001,21.5544000000001,15.5543999999999,19.5544000000001,27.5544000000001,28.5544000000001,21.5544000000001,20.5544000000001,33.5544000000001,22.5544000000001,38.5544000000001,20.5544000000001,19.5544000000001,23.5544000000001,45.5544000000001,34.5544000000001,28.5544000000001,27.5544000000001,40.5544000000001,22.5544000000001,33.5544000000001,26.5544000000001,30.5544000000001,16.5544000000001,27.5544000000001,32.5544000000001,31.5544000000001,19.5544000000001,23.5544000000001,28.5544000000001,33.5544000000001,24.5544000000001,10.5543999999999],[7.44240000000002,8.44239999999995,6.44240000000002,5.44240000000002,3.44239999999999,7.44240000000002,11.4424,13.4424,6.44240000000002,4.44240000000002,8.55439999999994,20.5544000000001,20.5544000000001,16.5544000000001,19.5544000000001,24.5544000000001,16.5544000000001,25.5544000000001,17.5544000000001,12.5543999999999,5.53200000000003,8.53199999999994,13.5319999999999,11.5319999999999,9.53199999999994,7.53200000000003,6.53200000000003,13.5319999999999,7.53200000000003,8.53199999999994,31.5544000000001,41.5544000000001,42.5544000000001,38.5544000000001,45.5544000000001,45.5544000000001,27.5544000000001,43.5544000000001,33.5544000000001,26.5544000000001,2.55439999999998,11.5543999999999,4.55440000000003,7.55440000000003,4.55440000000003,12.5543999999999,5.55440000000003,8.55439999999994,7.55440000000003,7.55440000000003,4.52640000000003,2.52639999999998,4.52640000000003,1.5264,8.52639999999994,9.52639999999994,5.52640000000003,5.52640000000003,2.52639999999998,3.52639999999998,22.5544000000001,31.5544000000001,22.5544000000001,22.5544000000001,21.5544000000001,26.5544000000001,22.5544000000001,48.5544000000001,25.5544000000001,22.5544000000001,11.5487999999999,18.5488000000001,17.5488000000001,13.5487999999999,14.5487999999999,18.5488000000001,19.5488000000001,22.5488000000001,16.5488000000001,15.5487999999999,6.54320000000003,18.5432000000001,10.5431999999999,10.5431999999999,12.5431999999999,19.5432000000001,8.54319999999994,9.54319999999994,10.5431999999999,6.54320000000003,8.55439999999994,15.5543999999999,13.5543999999999,11.5543999999999,9.55439999999994,18.5544000000001,16.5544000000001,18.5544000000001,9.55439999999994,11.5543999999999,7.55440000000003,15.5543999999999,12.5543999999999,14.5543999999999,10.5543999999999,11.5543999999999,8.55439999999994,18.5544000000001,7.55440000000003,11.5543999999999,11.5543999999999,23.5544000000001,17.5544000000001,25.5544000000001,16.5544000000001,26.5544000000001,12.5543999999999,24.5544000000001,19.5544000000001,8.55439999999994,5.55440000000003,29.5544000000001,26.5544000000001,29.5544000000001,16.5544000000001,28.5544000000001,22.5544000000001,30.5544000000001,18.5544000000001,17.5544000000001,11.5543999999999,37.5544000000001,35.5544000000001,27.5544000000001,17.5544000000001,28.5544000000001,16.5544000000001,34.5544000000001,24.5544000000001,23.5544000000001,21.5544000000001,33.5544000000001,31.5544000000001,29.5544000000001,24.5544000000001,22.5544000000001,28.5544000000001,46.5544000000001,28.5544000000001,28.5544000000001,18.5544000000001,43.5544000000001,29.5544000000001,37.5544000000001,23.5544000000001,34.5544000000001,15.5543999999999,44.5544000000001,22.5544000000001,25.5544000000001],[10.4424,7.44240000000002,8.44239999999995,7.44240000000002,9.44239999999995,8.44239999999995,9.44239999999995,14.4424,24.4424000000001,9.44239999999995,15.5543999999999,29.5544000000001,26.5544000000001,24.5544000000001,24.5544000000001,28.5544000000001,23.5544000000001,26.5544000000001,18.5544000000001,19.5544000000001,2.53199999999998,8.53199999999994,8.53199999999994,5.53200000000003,5.53200000000003,8.53199999999994,3.53199999999998,8.53199999999994,4.53200000000003,3.53199999999998,29.5544000000001,57.5544000000001,50.5544000000001,46.5544000000001,39.5544000000001,67.5544000000001,45.5544000000001,52.5544000000001,36.5544000000001,32.5544000000001,10.5543999999999,21.5544000000001,20.5544000000001,13.5543999999999,13.5543999999999,18.5544000000001,17.5544000000001,22.5544000000001,16.5544000000001,20.5544000000001,8.52639999999994,20.5264000000001,10.5263999999999,19.5264000000001,14.5263999999999,15.5263999999999,12.5263999999999,15.5263999999999,12.5263999999999,8.52639999999994,20.5544000000001,37.5544000000001,38.5544000000001,19.5544000000001,18.5544000000001,38.5544000000001,15.5543999999999,34.5544000000001,26.5544000000001,11.5543999999999,6.54880000000003,4.54880000000003,17.5488000000001,15.5487999999999,13.5487999999999,8.54879999999994,9.54879999999994,13.5487999999999,10.5487999999999,8.54879999999994,3.54319999999998,19.5432000000001,7.54320000000003,6.54320000000003,6.54320000000003,10.5431999999999,7.54320000000003,10.5431999999999,7.54320000000003,6.54320000000003,8.55439999999994,27.5544000000001,20.5544000000001,21.5544000000001,9.55439999999994,18.5544000000001,15.5543999999999,28.5544000000001,17.5544000000001,10.5543999999999,14.5543999999999,27.5544000000001,26.5544000000001,20.5544000000001,16.5544000000001,12.5543999999999,18.5544000000001,25.5544000000001,15.5543999999999,20.5544000000001,16.5544000000001,29.5544000000001,27.5544000000001,30.5544000000001,19.5544000000001,37.5544000000001,26.5544000000001,48.5544000000001,22.5544000000001,20.5544000000001,11.5543999999999,23.5544000000001,23.5544000000001,28.5544000000001,9.55439999999994,21.5544000000001,18.5544000000001,23.5544000000001,20.5544000000001,13.5543999999999,22.5544000000001,35.5544000000001,21.5544000000001,19.5544000000001,20.5544000000001,24.5544000000001,16.5544000000001,35.5544000000001,20.5544000000001,23.5544000000001,12.5543999999999,25.5544000000001,27.5544000000001,20.5544000000001,13.5543999999999,37.5544000000001,18.5544000000001,28.5544000000001,19.5544000000001,15.5543999999999,20.5544000000001,30.5544000000001,24.5544000000001,29.5544000000001,18.5544000000001,41.5544000000001,20.5544000000001,28.5544000000001,14.5543999999999,15.5543999999999],[3.44239999999999,7.44240000000002,13.4424,12.4424,4.44240000000002,15.4424,14.4424,13.4424,18.4424000000001,5.44240000000002,11.5543999999999,11.5543999999999,22.5544000000001,27.5544000000001,16.5544000000001,23.5544000000001,24.5544000000001,16.5544000000001,6.55440000000003,11.5543999999999,6.53200000000003,8.53199999999994,11.5319999999999,12.5319999999999,7.53200000000003,7.53200000000003,5.53200000000003,10.5319999999999,11.5319999999999,15.5319999999999,22.5544000000001,39.5544000000001,23.5544000000001,37.5544000000001,31.5544000000001,41.5544000000001,27.5544000000001,40.5544000000001,30.5544000000001,29.5544000000001,18.5544000000001,17.5544000000001,18.5544000000001,19.5544000000001,17.5544000000001,24.5544000000001,18.5544000000001,22.5544000000001,12.5543999999999,16.5544000000001,6.52640000000003,7.52640000000003,8.52639999999994,9.52639999999994,6.52640000000003,11.5263999999999,3.52639999999998,10.5263999999999,3.52639999999998,10.5263999999999,20.5544000000001,35.5544000000001,20.5544000000001,42.5544000000001,28.5544000000001,26.5544000000001,28.5544000000001,47.5544000000001,33.5544000000001,36.5544000000001,11.5487999999999,18.5488000000001,18.5488000000001,16.5488000000001,11.5487999999999,28.5488000000001,21.5488000000001,12.5487999999999,11.5487999999999,14.5487999999999,8.54319999999994,11.5431999999999,12.5431999999999,9.54319999999994,8.54319999999994,20.5432000000001,15.5431999999999,15.5431999999999,7.54320000000003,17.5432000000001,5.55440000000003,13.5543999999999,10.5543999999999,15.5543999999999,20.5544000000001,19.5544000000001,12.5543999999999,11.5543999999999,7.55440000000003,8.55439999999994,9.55439999999994,19.5544000000001,17.5544000000001,19.5544000000001,19.5544000000001,22.5544000000001,10.5543999999999,21.5544000000001,19.5544000000001,13.5543999999999,12.5543999999999,34.5544000000001,19.5544000000001,22.5544000000001,15.5543999999999,31.5544000000001,21.5544000000001,39.5544000000001,26.5544000000001,18.5544000000001,12.5543999999999,27.5544000000001,22.5544000000001,21.5544000000001,18.5544000000001,23.5544000000001,19.5544000000001,32.5544000000001,20.5544000000001,19.5544000000001,24.5544000000001,38.5544000000001,26.5544000000001,22.5544000000001,27.5544000000001,22.5544000000001,15.5543999999999,33.5544000000001,24.5544000000001,25.5544000000001,17.5544000000001,27.5544000000001,23.5544000000001,24.5544000000001,17.5544000000001,23.5544000000001,26.5544000000001,23.5544000000001,24.5544000000001,12.5543999999999,12.5543999999999,25.5544000000001,24.5544000000001,24.5544000000001,13.5543999999999,23.5544000000001,17.5544000000001,33.5544000000001,15.5543999999999,13.5543999999999],[2.44239999999999,3.44239999999999,1.4424,1.4424,1.4424,2.44239999999999,7.44240000000002,4.44240000000002,1.4424,4.44240000000002,18.5544000000001,21.5544000000001,23.5544000000001,27.5544000000001,25.5544000000001,26.5544000000001,16.5544000000001,32.5544000000001,18.5544000000001,9.55439999999994,7.53200000000003,16.5320000000001,10.5319999999999,7.53200000000003,11.5319999999999,15.5319999999999,9.53199999999994,11.5319999999999,8.53199999999994,6.53200000000003,29.5544000000001,42.5544000000001,26.5544000000001,37.5544000000001,37.5544000000001,43.5544000000001,27.5544000000001,64.5544000000001,32.5544000000001,24.5544000000001,11.5543999999999,15.5543999999999,11.5543999999999,10.5543999999999,11.5543999999999,11.5543999999999,8.55439999999994,15.5543999999999,15.5543999999999,11.5543999999999,4.52640000000003,2.52639999999998,3.52639999999998,6.52640000000003,5.52640000000003,7.52640000000003,7.52640000000003,2.52639999999998,3.52639999999998,2.52639999999998,16.5544000000001,24.5544000000001,13.5543999999999,25.5544000000001,21.5544000000001,28.5544000000001,18.5544000000001,23.5544000000001,22.5544000000001,10.5543999999999,10.5487999999999,12.5487999999999,9.54879999999994,11.5487999999999,11.5487999999999,15.5487999999999,11.5487999999999,9.54879999999994,6.54880000000003,7.54880000000003,4.54320000000003,11.5431