[[1.0437,1.0624,1.0763,1.0865,1.0915,1.0918,1.0872,1.0778,1.0639,1.0459,1.8968,3.9026,5.927,3.9433,8.95100000000001,11.9501,4.9406,3.9225,1.9228,1.8889,1.5954,4.597,1.6454,1.6602,4.6412,2.6414,4.6345,1.6468,2.5989,1.5977,2.9031,7.9379,7.9646,9.98310000000001,16.9927,18.9937,14.9859,10.9694,6.9443,1.9378,1.9159,3.9215,3.9457,2.9616,5.9686,4.9672,4.9573,2.9385,2.9116,1.9034,1.2707,1.2927,2.2829,1.3207,1.3261,1.3256,1.3194,2.2811,1.29,1.2673,1.9845,2.9917,14.0175,7.0345,6.0425,20.0416,14.0318,10.0129,2.9856,3.9501,1.8095,2.8126,2.8349,3.8492,5.8551,3.8532,4.8429,3.8248,3.7988,1.7921,1.4069,1.4327,2.4264,1.4668,1.4746,1.4756,2.444,1.4588,1.4409,1.4171,2.8006,2.8316,3.855,3.8704,4.8775,7.8764,2.867,2.8494,3.8237,1.8174,1.7724,1.8033,6.8002,3.8161,5.8236,9.82320000000001,4.8147,4.7981,6.774,1.7688,1.8874,4.8933,8.91760000000001,9.93400000000001,8.94160000000001,17.9408,12.9315,6.9136,7.8876,1.8802,2.965,3.9972,10.0211,8.0363,12.0424,22.0397,19.028,7.0074,7.9782,1.9677,4.0106,4.0454,13.0717,9.08920000000001,18.0975,9.09670000000001,18.0868,7.0678,3.0399,2.0303,1.805,4.8088,4.8314,3.846,6.8525,12.8508,13.841,2.8231,4.7973,1.7907,2.824,1.8811,6.8777,2.8928,7.8994,3.8976,5.8875,5.869,2.8428,1.8354],[1.0624,4.0545,1.0959,2.079,1.1109,1.1108,3.0797,2.0703,2.0561,2.0376,5.9019,4.935,9.96000000000001,5.9764,9.98420000000001,8.98330000000001,8.97360000000001,4.9554,4.9287,2.8941,1.6211,5.6234,5.6453,5.6606,9.66800000000001,5.6683,7.6612,3.6468,3.6252,1.6237,1.963,8.97160000000001,14.999,11.0179,21.0279,37.0288,27.0208,3.0038,2.0048,1.9713,1.9491,7.9553,5.9799,3.9962,11.0034,12.0019,8.99180000000001,5.9726,9.94510000000001,1.9365,1.2952,1.3175,1.3346,2.3196,1.3517,3.3248,3.3184,1.3328,1.3147,1.2914,2.9919,5.0264,12.0524,8.0699,15.0781,16.0772,12.0671,8.0479,4.0199,2.0105,1.8398,1.87,8.86610000000001,1.9071,5.8869,4.8847,4.8745,2.8557,2.8292,1.8218,1.4335,1.4601,4.4539,5.4684,2.476,3.4773,4.4718,4.4601,1.4683,1.444,1.8578,5.8626,12.8865,6.9024,13.9097,13.9086,11.8989,5.8808,1.8813,1.8478,1.8035,4.8081,5.8322,4.8482,4.856,9.85550000000001,6.8469,2.8299,3.8054,1.7997,1.9209,4.9272,7.9522,5.9689,8.97680000000001,19.9759,12.9664,1.9745,4.9214,1.9137,2.0259,3.0321,5.0565,6.0721,12.0783,16.0755,11.0635,6.0423,8.0129,2.0016,2.0708,3.0795,5.1065,6.1243,11.133,4.1321,11.1218,4.1023,6.074,2.0637,1.8358,5.8397,7.8628,6.878,6.8846,10.8829,9.87280000000001,4.8543,1.8548,1.8211,3.8552,4.8863,9.90980000000001,18.9253,14.9319,17.9301,9.91980000000001,10.9009,3.8741,1.8662],[1.0763,1.0959,7.0836,1.1208,4.0991,3.0994,3.0947,2.0847,1.0971,1.0781,2.9261,3.9595,6.9846,4.0015,8.0095,10.0086,14.9988,2.9801,1.9798,1.9448,1.6404,3.6426,3.6653,3.6804,6.6883,5.6884,3.6812,4.6665,2.6446,1.6427,1.9884,6.9977,18.0253,10.0443,30.0543,30.0553,30.0473,13.0303,6.0044,2.9704,1.9745,5.9811,4.0061,3.0226,4.0299,8.0284,5.018,2.9986,3.9709,1.9616,1.3145,4.3108,8.328,2.3398,6.3452,7.3447,6.3383,1.3524,2.3079,1.3109,2.0445,8.0527,16.0793,13.0969,18.1052,18.1042,21.094,6.0744,10.0463,2.0362,1.8627,5.8667,2.8896,5.9044,4.9106,7.9084,6.8978,2.8789,3.8522,1.8442,1.4547,1.4814,1.5024,3.4902,2.4984,3.4993,4.494,2.4818,1.4899,1.4653,1.8808,3.8863,4.9104,5.9264,10.9338,10.9326,10.923,3.9047,3.8783,1.8709,1.8271,2.8324,3.8566,3.8728,6.8807,7.8803,5.8715,4.8544,2.8294,1.8235,1.9469,7.9536,15.9789,5.9957,18.0036,27.0028,19.9932,5.9747,3.9477,1.9394,2.0521,3.0588,6.0835,5.0992,15.1056,24.1027,19.0906,10.0692,5.0392,2.0276,4.0695,7.1054,10.1324,11.1506,12.1592,16.1585,16.1482,6.1284,4.0996,4.0624,2.8324,5.8634,14.8869,6.9019,17.9087,27.907,27.8968,7.8784,4.8517,1.8444,1.9054,9.91030000000001,8.93430000000001,4.9498,27.9565,16.9547,11.9442,8.92510000000001,4.8979,1.8896],[1.0865,2.079,1.1208,4.1041,1.1358,3.1093,3.1045,1.1214,1.1069,1.0879,1.9686,7.9755,4.0013,7.0181,7.0262,9.02530000000001,14.0153,2.9967,4.9694,1.9608,1.6524,3.6551,4.6777,1.7198,5.7011,2.7013,4.6941,3.6791,2.657,1.6548,2.0055,2.0415,8.0429,4.0622,12.0724,8.0734,12.0653,6.0479,3.0219,2.9876,3.9652,5.9985,4.0237,8.0404,7.0478,10.0464,9.03590000000001,6.0163,5.9881,1.9787,1.3287,2.325,2.3424,1.3809,6.3599,7.3593,6.3529,2.3402,2.3221,1.3246,2.0619,5.0705,9.09720000000001,7.115,20.1233,19.1224,19.1121,4.0924,6.0637,2.0536,2.8513,3.882,8.90520000000001,6.9199,10.9262,9.92400000000001,7.9133,4.8942,3.8669,1.8591,1.4697,2.4704,2.4914,1.5326,5.5141,3.5152,4.5097,2.4977,3.4788,1.4805,1.8961,4.9017,6.9261,3.9424,11.9498,10.9486,10.9389,8.92030000000001,4.8939,1.886,1.8432,3.8487,2.8731,5.8896,6.8976,8.89720000000001,8.88840000000001,5.871,1.8723,1.8395,1.9646,1.9981,4.9972,4.0143,6.0223,8.0214,6.0116,7.9928,2.9656,1.9571,4.0433,3.0766,9.10160000000001,7.1175,10.1239,11.1211,14.1088,7.0872,3.057,2.045,2.1126,7.1221,14.1495,5.1678,7.1767,12.1758,13.1653,4.1453,5.1163,3.0788,1.8743,2.879,7.9026,6.9182,14.925,19.9233,23.913,4.894,1.894,1.8595,1.9209,4.9265,8.95040000000001,2.9661,15.9729,15.9709,11.9605,3.9411,2.9137,1.9051],[1.0915,1.1109,4.0991,1.1358,3.1141,6.1144,7.1095,3.0998,3.0853,1.0927,1.9758,2.0096,4.0087,7.026,5.0342,11.0333,6.0233,3.0042,6.977,1.9681,1.6574,4.6601,2.6829,2.6985,8.7063,6.7066,8.69930000000001,3.6843,4.6621,1.6597,2.014,8.0237,12.0518,12.0712,20.0815,15.0825,28.0743,12.057,6.0307,2.0228,2.0004,3.0072,5.0329,4.0496,3.0572,6.0556,2.0714,4.0251,2.9969,1.9874,1.3368,1.3599,1.3776,2.3631,2.3687,2.3681,6.3615,2.3487,2.3302,1.3329,2.0706,4.0792,12.1062,8.124,17.1324,19.1314,18.121,5.1011,3.0725,2.062,1.8847,3.8892,4.9122,3.9273,8.93360000000001,10.9314,11.9204,5.901,1.9003,1.8655,1.4783,1.5056,6.5003,2.5154,10.5235,8.52470000000001,10.519,2.5066,2.4876,1.4892,1.9032,4.909,3.9336,5.9499,6.9574,3.9562,9.94630000000002,8.92780000000001,2.901,1.8933,1.8514,2.8571,5.8817,2.8982,9.90630000000001,6.9059,7.897,3.8797,1.8805,1.8479,2.9475,2.9811,7.0069,8.024,7.0321,17.0312,12.0213,4.0026,2.975,1.9664,3.0521,4.0857,11.1108,4.1267,12.1332,23.1303,19.118,5.0964,4.0658,2.0539,3.0935,4.1297,8.1572,4.1757,11.1845,12.1836,10.173,4.153,4.1238,3.0861,1.8817,5.8866,11.9104,6.9259,11.9328,21.9311,20.9208,4.9019,2.8749,1.8671,1.9286,3.934,4.9581,2.0004,15.9807,9.97880000000001,14.9681,5.9489,3.921,1.9124],[1.0918,1.1108,3.0994,3.1093,6.1144,6.1145,5.1096,2.0998,1.1118,1.0926,2.9482,2.9819,7.0077,11.0248,9.03290000000001,10.032,17.0221,4.0033,2.976,3.9406,1.6552,4.6579,4.6806,2.6962,3.704,5.7044,2.697,1.7087,3.6598,1.6575,2.0139,7.0235,14.0517,7.0712,16.0814,24.0824,31.0743,9.0568,7.0307,2.0228,2.974,6.0073,6.0328,2.0761,8.0571,9.05570000000001,10.045,7.0253,4.9969,1.9874,1.3393,4.336,3.3537,4.3655,5.3711,3.3705,6.364,3.3513,1.3594,1.3352,3.0438,4.079,8.1058,5.1237,15.132,10.131,14.1206,10.1009,4.072,2.0617,2.8572,2.8879,3.911,3.9259,7.9321,5.9299,6.919,3.8997,4.8723,2.8377,1.4807,2.4815,2.5027,2.5178,1.5524,4.5271,5.5215,2.5092,2.4901,1.4916,1.9023,4.9079,5.9326,4.9488,6.9563,11.9551,13.9453,3.9268,2.9001,1.8923,1.8517,4.8573,7.8819,6.8985,9.90660000000001,11.9062,7.8973,6.8798,1.8809,1.848,1.9748,4.982,15.0078,8.025,13.0331,10.0322,14.0222,4.0033,3.9759,1.9672,2.0786,4.0855,5.1107,7.1267,11.1332,14.1303,11.1179,7.0962,2.0923,2.0537,3.0918,4.128,10.1554,4.1738,13.1827,9.1818,15.1713,3.1511,3.1221,2.1109,1.881,3.8859,8.90970000000001,7.9252,8.93210000000001,14.9304,21.9201,3.9012,2.8744,1.8664,1.9276,3.9332,4.9573,6.9729,12.9798,5.9778,15.9672,5.9479,3.9201,1.9116],[1.0872,3.0797,3.0947,3.1045,7.1095,5.1096,8.1047,2.0951,1.1068,1.0881,1.9651,3.9722,4.9977,6.0148,13.0229,11.022,16.0122,8.9935,5.9664,1.9578,1.6459,5.6486,4.6709,2.6864,6.694,8.6943,4.6872,2.6723,2.6504,2.6216,2.005,6.0146,14.0425,8.0619,14.0721,23.0732,11.0651,7.0478,4.0217,2.014,2.9653,4.9986,11.024,6.0406,13.0481,7.0465,15.036,5.0163,3.9883,1.9789,1.336,1.3591,2.3503,1.3885,4.3678,5.3673,7.3605,1.3746,1.3557,1.3321,2.0612,9.0696,11.0964,5.1141,21.1224,18.1213,10.111,10.0912,4.0627,2.0524,2.8477,3.8785,6.9012,4.916,10.9222,9.92000000000001,11.9092,4.8899,2.8628,1.8546,1.4767,6.4773,7.4984,3.5136,10.5216,8.5229,11.5173,3.5049,2.486,1.4874,1.893,1.9251,5.923,5.9392,9.94660000000001,9.94550000000001,9.93570000000001,2.9174,6.8907,1.8833,1.844,3.8495,8.874,3.8904,12.8984,7.898,11.8891,3.8718,2.8465,1.8404,1.9672,5.9743,9.99990000000001,4.017,11.025,16.0241,19.0143,7.9955,2.9681,1.9596,3.0429,6.0764,8.1013,15.1171,18.1235,16.1207,13.1085,5.087,5.0566,2.0448,2.1076,4.117,7.1445,5.1625,14.1711,16.1703,12.1598,8.1401,4.1111,3.0736,1.8722,5.877,8.9005,5.9161,12.9229,11.9212,6.911,5.8922,1.8921,1.8578,1.9188,4.9239,6.9478,8.9634,5.9701,12.9683,10.9578,2.9385,1.9374,1.9025],[1.0778,2.0703,2.0847,1.1214,3.0998,2.0998,2.0951,2.085,1.0973,1.0781,1.9471,4.9539,7.9791,9.99610000000001,15.004,16.0032,14.9936,5.9751,2.9482,1.94,1.6295,4.6318,4.654,2.6691,5.6768,11.6771,5.6699,2.6554,1.6601,1.6317,1.9878,4.9969,9.0247,7.0438,20.0539,19.0549,32.047,6.0299,3.0041,2.9702,1.9748,3.9814,3.0064,7.0229,7.0302,11.0287,5.0183,3.9989,3.9711,1.9619,1.3271,2.3234,3.3409,1.3791,2.3581,5.3576,1.3776,2.3386,1.3468,1.3229,2.0432,7.0514,9.0778,8.0954,10.1035,13.1026,7.0923,5.0728,4.0443,2.0345,1.8571,2.8608,3.8835,4.898,7.9041,7.9018,10.891,5.8719,1.8717,1.8372,1.4663,1.4932,3.4877,3.5025,1.5372,4.5118,5.5064,1.5206,3.4753,1.4771,1.8758,5.8809,10.9052,6.9211,13.9286,15.9274,11.9178,7.8997,1.8999,1.8661,1.8285,2.8336,8.858,3.8742,6.8821,10.8816,8.8729,3.8557,2.8309,1.8247,1.9511,4.958,13.9833,6.0003,12.0082,13.0073,21.9976,6.9789,4.952,1.9435,2.0516,8.0582,8.0829,8.0986,17.105,16.1021,13.09,7.0686,5.0387,2.027,2.0878,2.1235,5.1239,6.1419,7.1505,16.1496,17.1394,3.1195,2.1176,2.0803,1.8555,3.86,9.88350000000001,4.8985,23.9053,9.90360000000001,9.89360000000001,8.8753,5.8488,1.8414,1.9014,2.9062,4.9301,8.9454,10.9521,13.9502,10.9397,1.9472,6.8934,1.8853],[1.0639,2.0561,1.0971,1.1069,3.0853,1.1118,1.1068,1.0973,7.0561,1.0644,1.9209,4.9272,5.9523,5.9688,7.9768,25.976,19.9665,2.9484,4.9217,1.9141,1.6063,1.6348,3.6301,2.645,7.6525,7.6527,7.6457,3.6314,1.6365,1.6086,1.9621,4.9709,10.9981,9.0172,19.0271,19.0282,28.0203,6.0034,5.9779,1.971,1.9495,2.9557,8.9803,6.9966,6.0038,12.0023,13.9922,6.9729,3.9455,1.9368,1.3121,4.3084,5.3254,3.337,2.3425,4.3421,5.3357,3.3234,1.3316,1.308,2.0167,3.0244,11.0505,3.0678,9.076,9.0749,12.0648,9.0453,3.0175,2.0079,2.8054,5.8353,5.8577,3.8717,11.8778,10.8754,7.865,1.8727,2.8196,1.8122,1.4497,3.4498,2.4704,8.485,8.4928,9.49410000000001,7.4887,2.4768,2.4582,1.4602,1.8506,5.8556,5.8792,4.8951,8.9023,12.9013,7.8918,4.8739,2.848,1.8412,1.8051,1.8365,4.8339,5.8502,3.8579,4.8575,5.8488,3.8318,3.8072,1.8015,2.9004,2.9333,10.9583,6.975,23.9829,16.982,12.9725,2.954,2.9273,1.9194,2.0251,5.0314,6.0557,6.0713,12.0775,17.0747,13.0627,6.0416,4.0121,2.0009,4.0328,5.0679,5.0947,3.1122,9.1205,12.1197,9.1095,4.0904,6.062,2.0519,1.831,1.8615,5.858,7.8733,10.8799,14.8784,6.8684,3.8501,1.8505,1.8171,2.8497,2.8807,8.9038,4.9192,11.9257,6.9239,15.9137,6.8947,4.868,1.86],[1.0459,2.0376,1.0781,1.0879,1.0927,1.0926,1.0881,1.0781,1.0644,1.0457,1.8871,1.9195,6.9173,3.9337,5.9415,10.9408,6.9315,5.9136,1.9142,1.8805,1.5767,1.6047,1.6262,1.6407,3.6216,1.6483,2.6149,1.6274,1.6063,1.5787,1.9287,5.9367,7.9638,11.9822,17.992,20.993,23.9853,7.9688,4.9437,1.9374,1.9163,2.922,6.9462,4.9621,2.9691,6.9677,7.9577,4.939,2.912,1.9039,1.2921,1.3143,4.3049,3.3161,3.3216,4.321,3.3148,1.329,1.3112,2.2613,2.9556,3.9894,5.0149,7.0319,7.0397,12.0387,13.0287,6.0099,5.9824,1.9735,1.7995,1.8289,3.8241,2.8382,2.8438,1.8682,1.8577,3.8128,1.8134,1.7798,1.4269,1.4533,2.4471,1.4879,4.4693,3.4703,3.4651,1.4798,2.435,1.4375,1.8181,2.8225,4.8459,3.8613,3.8685,6.8674,5.8582,1.8671,3.8152,1.8088,1.7748,2.7789,3.8026,2.8183,2.826,7.8255,5.817,2.8005,2.7763,1.7712,1.8951,3.9009,4.9255,8.9418,7.9494,7.9486,5.9391,3.9211,2.8949,1.8876,2.9641,6.9962,5.0202,8.0353,9.0414,14.0387,10.0271,3.0064,2.9773,1.9668,2.0227,4.0305,5.0567,7.0741,7.0823,7.0814,8.0715,4.0524,2.0512,2.0152,1.7991,7.8027,4.8255,3.84,7.8467,6.845,5.8354,7.8176,2.792,1.7856,1.8435,4.8474,4.8704,3.8853,8.8917,7.8899,11.8796,1.8877,5.8349,1.8275],[1.8968,5.9019,2.9261,1.9686,1.9758,2.9482,1.9651,1.9471,1.9209,1.8871,7.32,20.3606,9.39170000000001,15.4126,10.4231,17.4231,13.4126,20.3917,16.3606,14.32,10.2385,7.2772,7.3067,8.3264,8.33610000000001,8.3356,7.3251,4.3044,5.274,7.2343,23.32,47.3606,42.3917,32.4126,23.4231,32.4231,30.4126,34.3917,33.3606,30.32,6.32,12.3606,6.3917,14.4126,8.42310000000001,11.4231,9.4126,9.39170000000001,7.3606,9.32,3.1962,6.2352,2.2916,2.312,3.2958,4.2964,3.2869,2.2942,3.2387,3.2007,11.32,42.3606,32.3917,21.4126,25.4231,32.4231,30.4126,32.3917,27.3606,11.32,13.3008,25.3407,10.3712,13.3916,7.4017,15.4014,14.3906,18.3696,7.3384,8.2979,3.2711,7.3105,6.3406,3.3607,3.3706,2.3968,3.3596,2.3654,4.3081,5.2681,5.32,14.3606,10.3917,12.4126,7.4231,8.42310000000001,12.4126,8.3917,9.36060000000001,10.32,7.32,18.3606,16.3917,19.4126,14.4231,21.4231,16.4126,19.3917,14.3606,21.32,18.32,39.3606,24.3917,32.4126,41.4231,40.4231,35.4126,43.3917,26.3606,20.32,19.32,41.3606,36.3917,35.4126,19.4231,36.4231,23.4126,39.3917,26.3606,22.32,13.32,40.3606,27.3917,33.4126,16.4231,30.4231,18.4126,26.3917,30.3606,17.32,18.32,24.3606,18.3917,22.4126,14.4231,22.4231,14.4126,29.3917,20.3606,21.32,15.32,22.3606,15.3917,19.4126,9.42310000000001,21.4231,21.4126,16.3917,18.3606,10.32],[3.9026,4.935,3.9595,7.9755,2.0096,2.9819,3.9722,4.9539,4.9272,1.9195,20.3606,36.4019,27.4335,23.4549,22.4657,31.4657,13.4549,23.4335,28.4019,15.3606,10.276,16.3153,16.3453,17.3655,9.37530000000001,22.3749,14.3639,13.3429,9.31190000000001,14.2718,30.3606,52.4019,50.4335,46.4549,30.4657,56.4657,36.4549,72.4335,49.4019,39.3606,16.3606,34.4019,23.4335,22.4549,15.4657,23.4657,16.4549,31.4335,22.4019,23.3606,5.2361,6.2757,2.3327,6.3269,3.3377,3.3381,3.3285,8.3086,3.2793,3.2406,23.3606,31.4019,40.4335,23.4549,22.4657,40.4657,31.4549,37.4335,25.4019,24.3606,9.3406,15.3813,13.4123,8.43310000000001,13.4435,14.4431,9.43210000000001,13.4105,14.3789,12.3376,5.3118,14.3519,12.3824,10.403,12.4133,9.41290000000001,8.4021,10.3807,8.3495,8.3087,20.3606,36.4019,32.4335,29.4549,20.4657,35.4657,27.4549,39.4335,22.4019,23.3606,11.3606,21.4019,17.4335,18.4549,13.4657,12.4657,14.4549,19.4335,12.4019,17.3606,16.3606,30.4019,20.4335,35.4549,19.4657,37.4657,29.4549,38.4335,28.4019,21.3606,16.3606,29.4019,25.4335,36.4549,21.4657,31.4657,23.4549,32.4335,26.4019,20.3606,11.3606,21.4019,23.4335,19.4549,13.4657,20.4657,14.4549,15.4335,9.4019,12.3606,25.3606,28.4019,31.4335,32.4549,19.4657,33.4657,21.4549,36.4335,24.4019,24.3606,22.3606,50.4019,24.4335,40.4549,28.4657,33.4657,31.4549,49.4335,36.4019,22.3606],[5.927,9.96000000000001,6.9846,4.0013,4.0087,7.0077,4.9977,7.9791,5.9523,6.9173,9.39170000000001,27.4335,26.4656,35.4872,22.4981,28.4981,24.4872,25.4656,20.4335,18.3917,7.3042,11.344,7.3745,6.3947,6.4048,10.4042,10.3933,13.3719,5.3406,8.2998,29.3917,63.4335,52.4656,56.4872,38.4981,66.4981,44.4872,79.4656,46.4335,43.3917,14.3917,21.4335,16.4656,19.4872,13.4981,24.4981,18.4872,22.4656,12.4335,11.3917,6.2669,11.3071,12.338,13.3591,11.3698,21.3704,13.3605,14.3406,14.3106,11.2715,36.3917,53.4335,48.4656,58.4872,46.4981,47.4981,46.4872,72.4656,44.4335,32.3917,15.3711,18.4122,15.4436,20.4647,15.4751,30.4748,12.4636,26.4419,13.4097,17.368,5.3432,9.38380000000001,11.4149,16.4357,10.446,13.4457,9.43460000000001,9.41320000000001,9.38140000000001,7.3402,17.3917,24.4335,27.4656,26.4872,17.4981,33.4981,21.4872,31.4656,23.4335,22.3917,13.3917,19.4335,18.4656,17.4872,11.4981,23.4981,18.4872,22.4656,15.4335,19.3917,30.3917,43.4335,34.4656,36.4872,31.4981,42.4981,39.4872,43.4656,45.4335,24.3917,26.3917,26.4335,23.4656,26.4872,29.4981,44.4981,20.4872,59.4656,37.4335,25.3917,19.3917,45.4335,28.4656,32.4872,22.4981,42.4981,31.4872,33.4656,25.4335,26.3917,16.3917,41.4335,37.4656,29.4872,24.4981,40.4981,26.4872,55.4656,34.4335,29.3917,23.3917,31.4335,36.4656,20.4872,20.4981,47.4981,21.4872,42.4656,27.4335,19.3917],[3.9433,5.9764,4.0015,7.0181,7.026,11.0248,6.0148,9.99610000000001,5.9688,3.9337,15.4126,23.4549,35.4872,38.509,18.52,26.52,29.509,29.4872,17.4549,24.4126,4.3225,12.3628,12.3933,12.4139,9.42390000000002,11.4234,9.41230000000001,14.3908,11.3593,10.318,21.4126,54.4549,40.4872,39.509,39.52,32.52,36.509,37.4872,35.4549,25.4126,12.4126,23.4549,17.4872,13.509,17.52,23.52,19.509,23.4872,14.4549,9.41260000000001,3.2883,10.3288,10.36,6.3812,8.3921,19.3927,5.3827,10.3626,11.3324,9.29270000000001,16.4126,35.4549,31.4872,31.509,31.52,37.52,32.509,41.4872,30.4549,29.4126,13.3914,20.4329,15.4646,16.4858,14.4964,22.496,12.4847,20.4628,14.4304,11.3882,6.3647,11.4058,4.4371,10.4581,8.4685,7.4682,12.457,9.43540000000002,4.4034,6.3617,11.4126,29.4549,24.4872,22.509,21.52,23.52,17.509,19.4872,21.4549,14.4126,21.4126,20.4549,22.4872,22.509,13.52,24.52,16.509,27.4872,23.4549,14.4126,14.4126,22.4549,33.4872,17.509,11.52,12.52,17.509,22.4872,16.4549,15.4126,14.4126,32.4549,24.4872,35.509,13.52,23.52,28.509,35.4872,23.4549,17.4126,21.4126,29.4549,30.4872,23.509,22.52,35.52,24.509,40.4872,22.4549,21.4126,25.4126,47.4549,36.4872,30.509,29.52,42.52,24.509,35.4872,28.4549,32.4126,18.4126,29.4549,34.4872,33.509,21.52,25.52,30.509,35.4872,26.4549,12.4126],[8.95100000000001,9.98420000000001,8.0095,7.0262,5.0342,9.03290000000001,13.0229,15.004,7.9768,5.9415,10.4231,22.4657,22.4981,18.52,21.5311,26.5311,18.52,27.4981,19.4657,14.4231,7.3308,10.3712,15.4019,13.4224,11.4326,9.43200000000001,8.4208,15.3993,9.36760000000001,10.3262,33.4231,43.4657,44.4981,40.52,47.5311,47.5311,29.52,45.4981,35.4657,28.4231,4.4231,13.4657,6.4981,9.52000000000001,6.5311,14.5311,7.52,10.4981,9.46570000000001,9.42310000000001,6.2996,4.3405,6.3718,3.393,10.4041,11.4046,7.3946,7.3744,4.3441,5.3041,24.4231,33.4657,24.4981,24.52,23.5311,28.5311,24.52,50.4981,27.4657,24.4231,13.4013,20.4432,19.4749,15.4963,16.5069,20.5065,21.4951,24.473,18.4406,17.398,8.3759,20.4174,12.4488,12.4699,14.4804,21.4801,10.4688,11.4471,12.415,8.373,10.4231,17.4657,15.4981,13.52,11.5311,20.5311,18.52,20.4981,11.4657,13.4231,9.42310000000001,17.4657,14.4981,16.52,12.5311,13.5311,10.52,20.4981,9.46570000000001,13.4231,13.4231,25.4657,19.4981,27.52,18.5311,28.5311,14.52,26.4981,21.4657,10.4231,7.4231,31.4657,28.4981,31.52,18.5311,30.5311,24.52,32.4981,20.4657,19.4231,13.4231,39.4657,37.4981,29.52,19.5311,30.5311,18.52,36.4981,26.4657,25.4231,23.4231,35.4657,33.4981,31.52,26.5311,24.5311,30.52,48.4981,30.4657,30.4231,20.4231,45.4657,31.4981,39.52,25.5311,36.5311,17.52,46.4981,24.4657,27.4231],[11.9501,8.98330000000001,10.0086,9.02530000000001,11.0333,10.032,11.022,16.0032,25.976,10.9408,17.4231,31.4657,28.4981,26.52,26.5311,30.5311,25.52,28.4981,20.4657,21.4231,4.3289,10.3694,10.3999,7.4205,7.4306,10.43,5.4188,10.3973,6.3656,5.3243,31.4231,59.4657,52.4981,48.52,41.5311,69.5310999999999,47.52,54.4981,38.4657,34.4231,12.4231,23.4657,22.4981,15.52,15.5311,20.5311,19.52,24.4981,18.4657,22.4231,10.301,22.3418,12.3732,21.3944,16.4055,17.406,14.396,17.3758,14.3454,10.3053,22.4231,39.4657,40.4981,21.52,20.5311,40.5311,17.52,36.4981,28.4657,13.4231,8.4009,6.4427,19.4745,17.4958,15.5064,10.506,11.4946,15.4725,12.4401,10.3975,5.3769,21.4183,9.44980000000001,8.4709,8.4814,12.4811,9.46980000000001,12.4481,9.41600000000001,8.374,10.4231,29.4657,22.4981,23.52,11.5311,20.5311,17.52,30.4981,19.4657,12.4231,16.4231,29.4657,28.4981,22.52,18.5311,14.5311,20.52,27.4981,17.4657,22.4231,18.4231,31.4657,29.4981,32.52,21.5311,39.5311,28.52,50.4981,24.4657,22.4231,13.4231,25.4657,25.4981,30.52,11.5311,23.5311,20.52,25.4981,22.4657,15.4231,24.4231,37.4657,23.4981,21.52,22.5311,26.5311,18.52,37.4981,22.4657,25.4231,14.4231,27.4657,29.4981,22.52,15.5311,39.5311,20.52,30.4981,21.4657,17.4231,22.4231,32.4657,26.4981,31.52,20.5311,43.5311,22.52,30.4981,16.4657,17.4231],[4.9406,8.9736,14.9988,14.0153,6.0233,17.0221,16.0122,14.9936,19.9665,6.9315,13.4126,13.4549,24.4872,29.509,18.52,25.52,26.509,18.4872,8.4549,13.4126,8.317,10.357,13.3875,14.4079,9.4179,9.4173,7.4062,12.3848,13.3532,17.3122,24.4126,41.4549,25.4872,39.509,33.52,43.52,29.509,42.4872,32.4549,31.4126,20.4126,19.4549,20.4872,21.509,19.52,26.52,20.509,24.4872,14.4549,18.4126,8.2923,9.33300000000001,10.3642,11.3854,8.3964,13.3968,5.387,12.3667,5.3364,12.2966,22.4126,37.4549,22.4872,44.509,30.52,28.52,30.509,49.4872,35.4549,38.4126,13.39,20.4316,20.4632,18.4844,13.4949,30.4945,23.4832,14.4612,13.4289,16.3866,10.3674,13.4087,14.44,11.4611,10.4716,22.4712,17.4602,17.4384,9.40650000000001,19.3647,7.4126,15.4549,12.4872,17.509,22.52,21.52,14.509,13.4872,9.45490000000001,10.4126,11.4126,21.4549,19.4872,21.509,21.52,24.52,12.509,23.4872,21.4549,15.4126,14.4126,36.4549,21.4872,24.509,17.52,33.52,23.509,41.4872,28.4549,20.4126,14.4126,29.4549,24.4872,23.509,20.52,25.52,21.509,34.4872,22.4549,21.4126,26.4126,40.4549,28.4872,24.509,29.52,24.52,17.509,35.4872,26.4549,27.4126,19.4126,29.4549,25.4872,26.509,19.52,25.52,28.509,25.4872,26.4549,14.4126,14.4126,27.4549,26.4872,26.509,15.52,25.52,19.509,35.4872,17.4549,15.4126],[3.9225,4.9554,2.9801,2.9967,3.0042,4.0033,8.9935,5.9751,2.9484,5.9136,20.3917,23.4335,25.4656,29.4872,27.4981,28.4981,18.4872,34.4656,20.4335,11.3917,9.2949,18.3345,12.3647,9.3849,13.3948,17.3942,11.3832,13.362,10.3306,8.2901,31.3917,44.4335,28.4656,39.4872,39.4981,45.4981,29.4872,66.4656,34.4335,26.3917,13.3917,17.4335,13.4656,12.4872,13.4981,13.4981,10.4872,17.4656,17.4335,13.3917,6.2738,4.314,5.345,8.366,7.3769,9.3773,9.3675,4.3473,5.3173,4.2779,18.3917,26.4335,15.4656,27.4872,23.4981,30.4981,20.4872,25.4656,24.4335,12.3917,12.3689,14.4099,11.4413,13.4623,13.4727,17.4723,13.4611,11.4393,8.4072,9.3654,6.3479,13.3885,8.4198,9.4406,5.4511,11.4507,4.4398,12.4182,5.3865,7.3451,17.3917,26.4335,29.4656,39.4872,21.4981,33.4981,27.4872,35.4656,21.4335,22.3917,12.3917,19.4335,26.4656,27.4872,19.4981,23.4981,14.4872,24.4656,21.4335,13.3917,19.3917,39.4335,32.4656,31.4872,20.4981,44.4981,24.4872,50.4656,27.4335,26.3917,22.3917,32.4335,19.4656,24.4872,24.4981,39.4981,26.4872,37.4656,20.4335,22.3917,19.3917,38.4335,27.4656,33.4872,26.4981,32.4981,20.4872,22.4656,26.4335,29.3917,17.3917,32.4335,29.4656,28.4872,20.4981,28.4981,24.4872,36.4656,32.4335,26.3917,11.3917,41.4335,27.4656,25.4872,28.4981,29.4981,18.4872,48.4656,28.4335,23.3917],[1.9228,4.9287,1.9798,4.9694,6.977,2.976,5.9664,2.9482,4.9217,1.9142,16.3606,28.4019,20.4335,17.4549,19.4657,20.4657,8.4549,20.4335,24.4019,10.3606,3.2632,11.3022,15.332,13.352,5.3617,14.3611,8.3502,9.3291,10.2984,9.2583,29.3606,47.4019,44.4335,47.4549,41.4657,70.4656999999999,30.4549,79.4335,50.4019,35.3606,18.3606,20.4019,24.4335,22.4549,19.4657,29.4657,19.4549,31.4335,15.4019,12.3606,9.2454,12.2852,6.3156,12.3366,5.3472,14.3478,4.3378,13.318,9.2883,10.2496,18.3606,33.4019,23.4335,23.4549,16.4657,30.4657,24.4549,19.4335,22.4019,23.3606,16.3376,28.3782,18.4091,19.4298,16.4401,31.4397,15.4286,28.4071,9.3754,11.3342,7.3182,17.3585,14.3891,13.4099,12.4201,18.4199,14.4089,24.3877,14.3563,7.3156,20.3606,36.4019,12.4335,26.4549,13.4657,17.4657,17.4549,27.4335,22.4019,14.3606,12.3606,24.4019,18.4335,10.4549,12.4657,19.4657,14.4549,18.4335,15.4019,15.3606,14.3606,43.4019,27.4335,32.4549,19.4657,41.4657,25.4549,41.4335,21.4019,25.3606,13.3606,29.4019,18.4335,28.4549,22.4657,30.4657,22.4549,41.4335,19.4019,29.3606,17.3606,34.4019,23.4335,22.4549,25.4657,18.4657,27.4549,35.4335,26.4019,18.3606,7.3606,26.4019,21.4335,30.4549,15.4657,34.4657,16.4549,24.4335,18.4019,9.3606,10.3606,32.4019,16.4335,16.4549,23.4657,31.4657,25.4549,16.4335,17.4019,16.3606],[1.8889,2.8941,1.9448,1.9608,1.9681,3.9406,1.9578,1.94,1.9141,1.8805,14.32,15.3606,18.3917,24.4126,14.4231,21.4231,13.4126,11.3917,10.3606,11.32,5.2224,4.2608,4.29,2.336,2.3455,3.3184,3.3078,2.3138,3.2569,2.2441,25.32,65.3605999999999,36.3917,40.4126,30.4231,56.4231,37.4126,51.3917,39.3606,39.32,9.32,14.3606,14.3917,12.4126,15.4231,12.4231,9.4126,14.3917,6.3606,7.32,3.208,7.247,3.2771,5.2974,2.3345,3.3083,8.2989,5.2793,3.2502,5.2119,13.32,20.3606,23.3917,29.4126,27.4231,33.4231,20.4126,32.3917,23.3606,22.32,6.297,13.3368,8.3672,11.3875,8.3975,8.3971,7.3863,6.3652,2.3606,3.2935,9.2791,11.3187,8.349,9.3692,5.3793,4.3789,9.3684,8.3475,11.3168,10.2766,10.32,18.3606,10.3917,18.4126,6.4231,21.4231,10.4126,9.3917,9.3606,6.32,3.32,12.3606,9.3917,13.4126,10.4231,11.4231,14.4126,9.3917,6.3606,6.32,19.32,31.3606,23.3917,24.4126,18.4231,20.4231,14.4126,27.3917,19.3606,16.32,23.32,34.3606,22.3917,40.4126,25.4231,27.4231,22.4126,25.3917,21.3606,19.32,8.32,18.3606,15.3917,17.4126,12.4231,13.4231,8.4126,20.3917,14.3606,6.32,8.32,26.3606,20.3917,17.4126,7.4231,15.4231,15.4126,13.3917,15.3606,8.32,13.32,29.3606,17.3917,21.4126,21.4231,21.4231,25.4126,16.3917,17.3606,13.32],[1.5954,1.6211,1.6404,1.6524,1.6574,1.6552,1.6459,1.6295,1.6063,1.5767,10.2385,10.276,7.3042,4.3225,7.3308,4.3289,8.317,9.29490000000001,3.2632,5.2224,5.044,4.0796,2.1335,5.1252,2.1609,3.1341,4.1246,6.1057,6.0779,3.0419,9.32,23.3606,15.3917,13.4126,11.4231,11.4231,16.4126,20.3917,14.3606,8.32,3.2581,8.2964,5.3252,7.3442,8.35300000000001,3.3516,5.34,11.3182,3.2866,3.2459,1.7452,1.7748,1.797,1.8115,2.7919,1.8174,3.782,3.7654,1.7676,1.7366,5.32,19.3606,11.3917,12.4126,14.4231,7.4231,10.4126,10.3917,9.36060000000001,6.32,3.1417,8.1798,3.2088,9.22860000000001,5.2385,8.2389,7.2294,8.2104,5.1817,5.1444,1.9728,2.0062,2.0314,4.0215,3.0292,2.0547,2.0448,2.0262,1.9992,1.964,3.3015,8.3414,4.3718,5.3921,4.4021,5.4017,11.3909,5.3697,5.3385,4.2978,4.1905,10.2281,6.2566,7.2756,10.2845,7.2836,10.2728,12.2521,6.2217,4.1826,7.2153,15.2518,10.2793,17.2969,12.3045,15.3021,13.2897,16.2673,9.2354,5.1946,9.3015,20.3414,10.3718,18.3921,8.40210000000001,12.4017,18.3909,27.3697,16.3385,4.2978,7.2787,12.3176,7.3474,17.367,11.3762,13.3753,10.364,15.3426,7.3112,5.2705,7.2618,13.3002,10.3292,18.3483,9.35710000000001,11.3559,11.3443,18.3226,12.2911,3.2503,4.2794,11.3184,6.3481,7.3678,7.3771,4.3762,11.3649,8.3435,8.312,6.2714],[4.597,5.6234,3.6426,3.6551,4.6601,4.6579,5.6486,4.6318,1.6348,1.6047,7.2772,16.3153,11.344,12.3628,10.3712,10.3694,10.357,18.3345,11.3022,4.2608,4.0796,13.1159,5.1436,8.1625,5.1716,5.1714,7.1616,11.1424,5.1142,3.0778,12.3606,20.4019,18.4335,23.4549,22.4657,13.4657,17.4549,24.4335,17.4019,3.3606,6.2976,11.3363,5.3659,11.3853,14.3942,6.3928,14.3808,13.3586,11.3265,4.2851,1.7776,1.8076,2.8038,1.845,1.8521,1.8508,4.8153,2.7982,1.8002,2.7419,6.3606,19.4019,8.4335,16.4549,12.4657,9.46570000000001,13.4549,15.4335,16.4019,5.3606,2.2045,7.2164,7.2462,5.2662,6.2766,5.2768,7.2673,6.2475,4.2188,3.1806,3.9831,5.0169,5.0425,8.0594,4.0675,3.0665,3.0565,4.0375,8.0099,2.0006,9.3414,15.3819,11.4129,21.4337,16.4439,13.4435,13.4323,22.4107,14.3789,5.3376,2.2548,10.2664,4.2956,6.3148,4.3241,11.3231,6.312,7.2908,6.2599,3.2201,6.2541,16.2913,9.31920000000001,18.3373,9.34510000000001,9.34270000000001,8.3299,16.3071,9.27450000000001,2.2597,5.3414,13.3819,10.4129,11.4337,10.4439,9.44350000000001,12.4323,15.4107,8.3789,3.3376,8.3185,10.3583,14.3884,6.4084,9.41810000000001,5.4171,8.4056,9.38360000000001,6.3517,2.3368,6.3005,15.3395,7.3691,16.3885,11.3977,11.3963,12.3844,12.3622,9.33010000000001,3.2887,7.319,18.3587,9.38890000000001,21.4089,11.4186,7.4176,10.4061,26.3841,15.3522,7.3108],[1.6454,5.6453,3.6653,4.6777,2.6829,4.6806,4.6709,4.654,3.6301,1.6262,7.3067,16.3453,7.3745,12.3933,15.4019,10.3999,13.3875,12.3647,15.332,4.29,2.1335,5.1436,10.172,4.1908,6.2002,5.1999,4.19,7.1706,5.142,2.1314,12.3917,39.4335,10.4656,26.4872,22.4981,20.4981,19.4872,31.4656,25.4335,5.3917,5.3276,4.3671,8.3969,9.41640000000002,7.4256,8.4241,8.4121,12.3896,8.357,2.3416,2.776,7.8066,5.8293,7.8444,5.8515,2.8504,7.841,9.82380000000001,6.7986,2.7665,12.3917,23.4335,12.4656,25.4872,27.4981,15.4981,15.4872,34.4656,14.4335,9.39170000000001,5.2051,17.2444,9.27420000000001,15.2947,5.305,7.3055,10.2956,10.276,7.2463,2.2346,5.0117,9.04620000000001,4.0723,5.0895,5.0976,4.0966,5.0863,5.0671,9.03900000000001,3.0028,5.3718,12.4129,6.4443,13.4652,9.47560000000002,11.4751,11.4639,14.442,12.4098,3.3679,6.2569,14.2958,7.3251,6.3446,7.3538,5.3529,10.3417,12.3203,7.2891,4.2486,6.2839,18.3215,16.35,18.3681,14.3759,11.3734,20.3606,16.3375,13.3047,5.2626,6.3718,12.4129,8.4443,24.4652,10.4756,6.4751,13.4639,21.442,16.4098,5.3679,8.3491,21.3893,10.4199,13.4402,12.4498,14.4489,17.4372,20.415,10.3827,3.3407,8.3299,17.3695,8.3993,24.419,10.4282,16.4268,22.4148,24.3923,14.3598,6.3178,7.3492,7.3895,8.42,17.4403,6.45,9.44910000000002,11.4374,20.4152,7.3828,5.3409],[1.6602,5.6606,3.6804,1.7198,2.6985,2.6962,2.6864,2.6691,2.645,1.6407,8.3264,17.3655,6.3947,12.4139,13.4224,7.4205,14.4079,9.38490000000001,13.352,2.336,5.1252,8.1625,4.1908,11.2098,5.2192,5.2189,3.2092,6.1896,7.1608,2.1498,10.4126,16.4549,9.48720000000001,21.509,13.52,11.52,11.509,18.4872,17.4549,3.4126,6.3479,11.3877,8.4178,13.4376,4.4466,8.4452,4.433,7.4103,7.3777,3.3351,2.7937,2.8243,4.8474,10.8628,4.8698,5.8688,6.8591,2.8415,4.8163,3.7836,7.4126,13.4549,6.4872,23.509,15.52,13.52,17.509,17.4872,13.4549,5.4126,5.2231,11.2625,8.2927,8.3134,10.3238,7.3241,11.3142,9.29420000000001,9.26480000000001,3.2257,2.0587,6.067,4.0933,5.1108,4.1191,5.118,4.1076,5.088,2.0864,3.0231,6.3921,8.4337,4.4652,11.4864,10.4968,8.4964,9.48500000000001,11.4629,10.4305,8.3881,6.276,10.3152,8.3448,11.3645,8.3739,5.3729,7.3615,11.3398,6.3085,2.294,5.3038,11.3421,7.3705,11.3889,9.39680000000002,4.3944,7.3814,10.3581,9.32500000000001,2.309,8.3921,12.4337,6.4652,18.4864,11.4968,12.4964,14.485,9.46290000000002,9.43050000000001,5.3881,6.3696,11.4103,12.4411,15.4615,13.4714,12.4704,13.4586,18.4362,14.4035,4.3612,11.3494,9.38930000000001,14.4194,24.4392,18.4485,7.4471,15.4349,11.4122,10.3794,4.337,6.3695,16.4101,15.441,11.4614,10.4712,6.4702,9.45840000000001,14.436,10.4034,7.361],[4.6412,9.66800000000001,6.6883,5.7011,8.7063,3.704,6.694,5.6768,7.6525,3.6216,8.3361,9.37530000000001,6.4048,9.42390000000001,11.4326,7.4306,9.41790000000001,13.3948,5.3617,2.3455,2.1609,5.1716,6.2002,5.2192,7.2287,4.2285,8.2185,5.199,7.1703,2.1588,13.4231,16.4657,14.4981,24.52,17.5311,10.5311,17.52,24.4981,13.4657,8.4231,4.3579,14.3981,4.4282,9.44800000000001,6.4574,7.4559,9.44360000000001,6.4208,5.3878,2.3717,2.8035,2.8343,3.8575,3.8729,1.9065,3.8789,2.8692,3.8514,3.826,1.8196,11.4231,16.4657,12.4981,19.52,9.53110000000002,11.5311,16.52,13.4981,15.4657,4.4231,7.2313,12.2709,4.3012,10.3218,5.3325,5.3328,10.3229,11.303,6.273,6.2342,3.0436,8.0787,4.1052,7.1226,4.131,9.13000000000001,6.1195,6.1,6.0715,5.0347,7.4021,4.4439,6.4756,21.4968,6.5074,5.5069,10.4954,8.4732,5.4406,3.398,5.2853,5.3246,6.3544,10.3742,4.3837,6.3827,10.3711,7.3494,6.3177,2.3032,8.314,15.3523,7.3811,17.3995,6.4075,7.405,10.3919,10.3685,5.3353,2.319,6.4021,14.4439,8.4756,19.4968,7.5074,6.5069,14.4954,16.4732,9.44060000000001,6.398,9.38000000000001,15.4209,10.4518,11.4724,8.4823,12.4813,10.4694,14.4469,11.4141,5.3715,8.3587,21.3989,5.429,23.4489,11.4583,14.4568,18.4445,14.4217,7.3887,5.3461,5.3795,7.4205,11.4513,20.4719,9.48180000000002,12.4808,17.4689,15.4464,8.4136,2.3975],[2.6414,5.6683,5.6884,2.7013,6.7066,5.7044,8.6943,11.6771,7.6527,1.6483,8.3356,22.3749,10.4042,11.4234,9.43200000000001,10.43,9.41730000000001,17.3942,14.3611,3.3184,3.1341,5.1714,5.1999,5.2189,4.2285,5.2283,3.2184,3.1989,4.1699,2.1588,12.4231,11.4657,21.4981,25.52,12.5311,16.5311,20.52,30.4981,21.4657,7.4231,6.3579,12.3979,11.4281,8.448,6.4572,8.4557,7.4434,10.4206,8.3877,4.345,3.8054,11.8359,7.8593,8.8747,5.8816,4.8806,10.8708,7.8529,4.8276,1.821,7.4231,19.4657,6.4981,7.52,12.5311,10.5311,13.52,18.4981,9.46570000000001,5.4231,2.2564,4.2693,6.2998,11.3203,8.331,4.3313,6.3214,5.3013,4.2717,5.2326,3.046,8.0811,5.1076,5.1252,4.1337,4.1327,4.1221,9.10240000000001,5.0741,3.0371,3.4017,11.4435,8.4751,16.4964,11.5069,8.5064,5.4949,12.4727,5.4401,4.3975,7.2847,13.3239,6.3537,15.3735,8.3829,8.3819,8.3704,9.34850000000001,9.31700000000001,3.2759,8.314,13.3525,15.381,22.3996,12.4076,14.4051,12.392,15.3686,10.3353,2.3191,7.4017,11.4435,13.4751,15.4964,9.50690000000001,7.5064,9.49490000000001,14.4727,6.4401,3.3975,10.38,11.4209,13.4518,12.4724,12.4823,10.4813,5.4694,20.4469,11.4141,8.3715,6.3579,15.3979,6.4281,14.448,7.4572,14.4557,12.4434,14.4206,8.3877,3.345,8.3793,9.42010000000001,8.4511,13.4716,10.4814,5.4804,8.4685,13.446,16.4133,5.3706],[4.6345,7.6612,3.6812,4.6941,8.6993,2.697,4.6872,5.6699,7.6457,2.6149,7.3251,14.3639,10.3933,9.4123,8.4208,5.4188,7.4062,11.3832,8.3502,3.3078,4.1246,7.1616,4.19,3.2092,8.2185,3.2184,4.2084,4.1888,3.1602,4.1226,8.4126,16.4549,16.4872,16.509,11.52,15.52,19.509,18.4872,16.4549,6.4126,5.3475,14.3873,10.4173,14.4371,5.4463,4.4448,7.4326,14.4099,12.377,4.3347,3.7992,4.8298,4.8529,2.868,3.875,3.8737,2.8641,6.8463,3.8211,1.8147,9.4126,13.4549,7.4872,22.509,10.52,7.52,15.509,21.4872,17.4549,4.4126,4.2186,11.2579,8.2881,10.3086,5.3191,8.3194,13.3096,7.2898,3.2601,3.2215,3.0395,6.0746,7.1011,6.1185,9.1269,5.1259,11.1155,6.096,5.0677,3.031,4.3909,12.4323,3.4639,9.485,9.4954,6.4949,9.4835,12.4614,7.4289,3.3866,4.2741,12.313,5.3427,7.3623,8.3717,6.3707,10.3592,13.3376,8.3059,4.2653,7.3041,18.3421,7.3708,17.3891,11.3971,9.3946,16.3816,17.3583,8.3251,5.2827,7.3909,12.4323,6.4639,16.485,4.4954,7.4949,14.4835,17.4614,10.4289,4.3866,6.3696,16.4103,11.4411,15.4615,12.4714,6.4704,14.4586,13.4362,10.4035,5.3612,6.3467,14.3865,8.4165,18.4362,8.4454,8.4439,15.4317,8.409,10.3761,2.3603,4.3686,9.40930000000001,8.44,11.4604,4.4702,5.4692,9.4574,9.43500000000001,5.4023,5.36],[1.6468,3.6468,4.6665,3.6791,3.6843,1.7087,2.6723,2.6554,3.6314,1.6274,4.3044,13.3429,13.3719,14.3908,15.3993,10.3973,12.3848,13.362,9.3291,2.3138,6.1057,11.1424,7.1706,6.1896,5.199,3.1989,4.1888,6.1696,5.1407,4.104,10.3917,16.4335,9.4656,18.4872,16.4981,11.4981,20.4872,22.4656,16.4335,6.3917,4.327,10.3663,4.3962,5.4157,7.4249,5.4234,6.4113,12.3888,7.3561,3.3143,4.7853,3.8154,6.8385,3.8532,2.8602,3.8587,2.8493,3.8317,4.8065,1.8005,8.3917,11.4335,7.4656,12.4872,13.4981,8.4981,22.4872,9.4656,9.4335,4.3917,4.1978,4.2366,4.2667,8.2869,7.2974,4.2976,5.2879,14.2682,6.239,2.2271,4.0242,8.0588,5.0851,7.1025,7.1108,4.1099,3.0996,5.0802,2.0788,2.0422,8.3697,12.4107,14.442,15.4629,13.4732,9.4727,15.4614,14.4395,11.4072,5.3654,4.2537,12.2922,10.3216,12.3411,8.3503,10.3492,6.3379,7.3164,8.2852,3.2448,9.2841,20.3219,13.3501,28.3684,10.3763,13.3739,15.361,20.3379,12.3049,3.263,6.3697,14.4107,7.442,16.4629,12.4732,11.4727,22.4614,20.4395,11.4072,5.3654,8.3491,9.3893,10.4199,11.4402,10.4498,13.4489,11.4372,13.415,12.3827,7.3407,6.3255,23.3647,10.3946,18.4141,18.423,8.4215,9.4094,13.3869,15.3544,5.3124,6.3479,14.3879,11.4186,9.4388,11.4484,8.4474,10.4357,20.4135,11.3811,4.3392],[2.5989,3.6252,2.6446,2.657,4.6621,3.6598,2.6504,1.6601,1.6365,1.6063,5.274,9.3119,5.3406,11.3593,9.3676,6.3656,13.3532,10.3306,10.2984,3.2569,6.0779,5.1142,5.142,7.1608,7.1703,4.1699,3.1602,5.1407,13.1129,5.0763,9.3606,26.4019,13.4335,23.4549,20.4657,19.4657,15.4549,40.4335,22.4019,5.3606,5.2966,8.3355,7.3648,12.3843,9.3932,8.3918,8.3798,10.3575,9.3255,3.284,1.7898,7.7932,3.8158,6.8306,3.8372,3.8359,4.8265,3.8092,3.7841,1.7786,10.3606,17.4019,8.4335,15.4549,14.4657,9.4657,14.4549,8.4335,7.4019,3.3606,7.1676,16.2062,7.2355,13.2558,6.2658,8.2663,7.2566,14.2372,7.2084,2.1971,6.9999,13.0342,4.0602,9.0774,6.0856,9.0846,4.0745,9.0554,11.0276,2.9916,5.3385,11.3789,12.4098,18.4305,9.4406,11.4401,10.4289,10.4072,5.3755,4.3341,8.2236,13.2618,8.2906,7.3099,8.319,7.318,7.3068,7.2856,6.2547,2.2414,6.2545,20.2917,10.3197,20.3377,10.3456,13.3431,14.3304,20.3075,8.2751,4.2336,3.3385,15.3789,6.4098,12.4305,6.4406,9.4401,13.4289,14.4072,9.3755,6.3341,7.3185,13.3583,7.3884,21.4084,5.4181,9.4171,13.4056,21.3836,11.3517,2.3368,7.2943,12.3331,6.3624,11.3817,10.3906,7.3891,8.3771,9.3548,9.3227,2.3078,7.317,10.3567,8.3867,11.4068,9.4164,8.4154,7.4038,17.3818,9.3498,2.335],[1.5977,1.6237,1.6427,1.6548,1.6597,1.6575,2.6216,1.6317,1.6086,1.5787,7.2343,14.2718,8.2998,10.318,10.3262,5.3243,17.3122,8.2901,9.2583,2.2441,3.0419,3.0778,2.1314,2.1498,2.1588,2.1588,4.1226,4.104,5.0763,3.0402,13.32,28.3606,14.3917,20.4126,13.4231,17.4231,23.4126,23.3917,19.3606,4.32,3.2569,4.2952,3.3241,6.3429,5.3518,4.3503,8.3387,10.3169,5.2853,2.2711,1.7607,3.7636,1.8123,4.8001,3.8068,1.8319,1.8228,2.7791,1.7809,1.7494,6.32,12.3606,8.3917,8.4126,8.4231,7.4231,10.4126,11.3917,9.3606,4.32,2.1555,3.1666,2.2223,5.2152,2.2518,3.2255,5.2163,3.1972,5.1689,3.1317,1.9942,9.0013,3.0269,6.0438,2.0784,2.0774,6.0409,4.0222,3.995,2.9596,8.2978,12.3376,6.3679,8.3881,4.398,5.3975,13.3866,4.3654,3.3341,2.32,2.2112,5.2221,8.2506,8.2693,3.2782,5.2772,5.2663,7.2455,6.2152,2.2025,8.2157,8.2524,8.2798,6.2975,10.3051,8.3028,10.2903,9.268,9.236,2.2218,4.2978,13.3376,10.3679,9.3881,9.398,9.3975,9.3866,17.3654,6.3341,2.32,7.2787,7.3176,6.3474,13.367,6.3762,11.3753,4.364,12.3426,9.3112,4.2705,4.254,11.292,8.3209,7.3397,5.3483,4.3468,7.3351,12.3133,5.2817,2.2675,8.27689999999999,14.3158,8.3455,11.365,11.3743,3.3733,6.362,13.3405,10.3091,3.2684],[2.9031,1.963,1.9884,2.0055,2.014,2.0139,2.005,1.9878,1.9621,1.9287,23.32,30.3606,29.3917,21.4126,33.4231,31.4231,24.4126,31.3917,29.3606,25.32,9.32,12.3606,12.3917,10.4126,13.4231,12.4231,8.4126,10.3917,9.36060000000001,13.32,50.32,53.3606,64.3917,45.4126,54.4231,76.4230999999999,49.4126,46.3917,56.3606,72.32,13.32,14.3606,12.3917,10.4126,14.4231,7.4231,9.4126,13.3917,19.3606,14.32,3.32,4.3606,5.3917,3.4126,4.4231,3.4231,4.4126,4.3917,3.3606,4.32,45.32,49.3606,60.3917,23.4126,60.4231,48.4231,37.4126,29.3917,53.3606,41.32,23.32,22.3606,33.3917,23.4126,16.4231,17.4231,14.4126,17.3917,26.3606,26.32,8.32,4.3606,4.3917,4.4126,5.4231,4.4231,4.4126,4.3917,4.3606,5.32,6.32,14.3606,14.3917,9.41260000000001,9.42310000000001,13.4231,11.4126,16.3917,13.3606,15.32,26.32,27.3606,42.3917,28.4126,32.4231,40.4231,21.4126,32.3917,32.3606,30.32,58.32,64.3606,64.3917,51.4126,52.4231,40.4231,44.4126,35.3917,59.3606,64.32,37.32,51.3606,70.3917,32.4126,35.4231,67.4230999999999,41.4126,50.3917,53.3606,56.32,36.32,43.3606,72.3917,37.4126,44.4231,56.4231,36.4126,37.3917,45.3606,33.32,29.32,43.3606,51.3917,24.4126,28.4231,37.4231,29.4126,32.3917,39.3606,41.32,18.32,23.3606,29.3917,19.4126,23.4231,29.4231,22.4126,23.3917,28.3606,25.32],[7.9379,8.97160000000001,6.9977,2.0415,8.0237,7.0235,6.0146,4.9969,4.9709,5.9367,47.3606,52.4019,63.4335,54.4549,43.4657,59.4657,41.4549,44.4335,47.4019,65.3606,23.3606,20.4019,39.4335,16.4549,16.4657,11.4657,16.4549,16.4335,26.4019,28.3606,53.3606,96.4018999999999,73.4335,65.4549,85.4656999999999,98.4656999999999,68.4549,70.4335,108.4019,89.3605999999999,39.3606,36.4019,58.4335,36.4549,41.4657,26.4657,30.4549,54.4335,42.4019,29.3606,9.3606,7.4019,5.4335,4.4549,4.4657,6.4657,5.4549,4.4335,5.4019,6.3606,47.3606,69.4018999999999,73.4335,39.4549,46.4657,62.4657,60.4549,47.4335,69.4018999999999,62.3606,17.3606,20.4019,29.4335,21.4549,15.4657,19.4657,16.4549,21.4335,28.4019,23.3606,23.3606,16.4019,21.4335,16.4549,10.4657,15.4657,10.4549,12.4335,16.4019,15.3606,44.3606,57.4019,76.4335,52.4549,56.4657,49.4657,58.4549,54.4335,67.4018999999999,52.3606,24.3606,27.4019,31.4335,17.4549,23.4657,31.4657,23.4549,19.4335,32.4019,35.3606,39.3606,63.4019,68.4335,41.4549,35.4657,46.4657,32.4549,43.4335,47.4019,56.3606,34.3606,46.4019,61.4335,35.4549,40.4657,51.4657,33.4549,31.4335,45.4019,49.3606,21.3606,26.4019,37.4335,22.4549,26.4657,29.4657,25.4549,20.4335,22.4019,32.3606,44.3606,51.4019,63.4335,45.4549,47.4657,42.4657,29.4549,44.4335,42.4019,51.3606,63.3606,51.4019,89.4335,53.4549,54.4657,63.4657,55.4549,53.4335,68.4018999999999,64.3606],[7.9646,14.999,18.0253,8.0429,12.0518,14.0517,14.0425,9.02470000000001,10.9981,7.9638,42.3917,50.4335,52.4656,40.4872,44.4981,52.4981,25.4872,28.4656,44.4335,36.3917,15.3917,18.4335,10.4656,9.48720000000002,14.4981,21.4981,16.4872,9.46560000000001,13.4335,14.3917,64.3917,73.4335,122.4656,82.4872,67.4981,118.4981,85.4872,87.4656,142.4335,104.3917,19.3917,29.4335,35.4656,14.4872,38.4981,31.4981,22.4872,27.4656,33.4335,25.3917,22.3917,27.4335,24.4656,18.4872,23.4981,36.4981,22.4872,24.4656,21.4335,22.3917,75.3917,97.4335,132.4656,89.4872,92.4981,109.4981,74.4872,92.4656,121.4335,93.3917,27.3917,35.4335,43.4656,28.4872,31.4981,37.4981,30.4872,29.4656,36.4335,33.3917,16.3917,22.4335,23.4656,20.4872,17.4981,21.4981,10.4872,6.4656,17.4335,16.3917,45.3917,51.4335,