[[3,0,4,3,3,7,2,4,3,4,4,2,0,1,2,1,3,1,1,2],[0,9,6,6,5,13,7,6,10,5,5,2,2,10,13,4,7,6,8,1],[4,6,3,8,3,11,8,10,13,4,10,3,3,5,4,2,8,2,7,3],[3,6,8,7,4,14,8,13,6,5,11,3,3,7,17,6,6,5,8,1],[3,5,3,4,5,9,4,2,6,2,6,5,3,8,9,9,4,3,5,0],[7,13,11,14,9,18,24,65,16,14,15,18,8,21,14,9,14,8,7,2],[2,7,8,8,4,24,10,22,13,3,8,8,5,15,13,4,9,10,7,3],[4,6,10,13,2,65,22,11,9,3,16,4,7,6,12,8,9,7,14,1],[3,10,13,6,6,16,13,9,11,7,5,6,4,10,17,9,7,2,4,1],[4,5,4,5,2,14,3,3,7,15,6,4,4,7,3,5,8,7,6,4],[4,5,10,11,6,15,8,16,5,6,9,2,5,3,8,5,9,8,8,4],[2,2,3,3,5,18,8,4,6,4,2,10,4,8,4,2,5,3,5,2],[0,2,3,3,3,8,5,7,4,4,5,4,3,3,7,0,3,3,4,1],[1,10,5,7,8,21,15,6,10,7,3,8,3,14,10,11,12,6,9,1],[2,13,4,17,9,14,13,12,17,3,8,4,7,10,19,15,10,2,6,3],[1,4,2,6,9,9,4,8,9,5,5,2,0,11,15,9,15,3,3,1],[3,7,8,6,4,14,9,9,7,8,9,5,3,12,10,15,8,4,6,3],[1,6,2,5,3,8,10,7,2,7,8,3,3,6,2,3,4,7,4,1],[1,8,7,8,5,7,7,14,4,6,8,5,4,9,6,3,6,4,8,2],[2,1,3,1,0,2,3,1,1,4,4,2,1,1,3,1,3,1,2,4]]