[[4,5,4,5,6,13,4,9,12,9,4,6,4,2,5,6,6,7,7,2],[5,9,7,11,4,20,1,11,21,12,2,9,11,9,4,14,8,9,7,3],[4,7,10,5,8,19,8,5,9,6,3,12,11,6,3,9,6,9,4,3],[5,11,5,13,9,14,15,8,9,6,9,14,9,9,4,16,5,8,4,5],[6,4,8,9,8,25,10,9,9,4,7,16,13,6,4,14,6,6,8,4],[13,20,19,14,25,44,28,23,22,22,12,29,24,21,14,18,23,22,25,17],[4,1,8,15,10,28,9,11,14,6,4,10,6,10,11,12,7,4,6,4],[9,11,5,8,9,23,11,16,9,11,5,9,12,9,5,16,6,10,15,5],[12,21,9,9,9,22,14,9,11,7,17,14,23,10,6,20,12,11,15,9],[9,12,6,6,4,22,6,11,7,5,4,7,7,2,2,6,6,3,3,4],[4,2,3,9,7,12,4,5,17,4,6,4,4,2,2,5,2,3,1,4],[6,9,12,14,16,29,10,9,14,7,4,13,15,13,2,3,8,11,7,5],[4,11,11,9,13,24,6,12,23,7,4,15,16,11,6,12,11,14,13,6],[2,9,6,9,6,21,10,9,10,2,2,13,11,8,4,3,4,7,4,0],[5,4,3,4,4,14,11,5,6,2,2,2,6,4,4,3,2,1,1,1],[6,14,9,16,14,18,12,16,20,6,5,3,12,3,3,8,7,4,2,3],[6,8,6,5,6,23,7,6,12,6,2,8,11,4,2,7,6,7,6,0],[7,9,9,8,6,22,4,10,11,3,3,11,14,7,1,4,7,5,4,0],[7,7,4,4,8,25,6,15,15,3,1,7,13,4,1,2,6,4,11,3],[2,3,3,5,4,17,4,5,9,4,4,5,6,0,1,3,0,0,3,14]]