[[0.1592,0.3127,0.3604,0.3558,0.2921,0.3494,0.5602,0.6656,0.6091,0.4317,0.8217,3.0055,5.2901,3.3476,8.3519,11.3471,4.2859,3.0082,0.919,0.4932,0.4676,3.5299,1.0056,1.0981,4.0492,2.2393,4.0981,1.25,1.5843,0.472,1.5233,7.0637,7.3014,9.3484,16.3521,18.3494,14.3123,10.1112,5.6196,0.4375,0.5303,2.8288,3.2506,2.3445,5.352,4.352,4.3444,2.2501,1.8262,0.5259,0.1001,0.376,1.2839,0.6599,0.5269,0.6174,0.7456,1.2628,0.3465,0.0928,0.7678,1.9729,13.2828,6.3471,5.352,19.3521,13.3489,9.304,2.0681,2.5259,0.381,1.5542,1.9572,3.0699,5.2027,3.3193,4.3419,3.2501,2.8261,0.5259,0.0928,0.4387,1.4721,0.9176,0.8463,0.9937,1.7085,0.7704,0.284,0.0506,1.5259,2.0681,3.304,3.3489,4.3521,7.3494,2.3118,2.1034,2.5843,0.3792,0.284,0.8262,6.0082,3.2906,5.3476,9.3519,4.344,4.2475,5.8217,0.5233,0.5234,3.8218,8.2475,9.344,8.3494,17.3193,12.1978,6.0082,6.6795,0.4932,1.5304,3.0707,9.3045,7.3489,11.3521,21.352,18.3445,6.2501,6.8262,0.5259,2.5799,3.1008,12.3113,8.3494,17.3521,8.352,17.345,6.2579,1.8615,0.5843,0.5798,3.8589,4.2574,3.345,6.352,12.3494,13.3113,2.1008,3.5799,0.3766,1.5259,1.2148,6.0948,2.2975,7.3477,3.3519,5.3445,5.2501,1.8262,0.5259],[0.3127,3.267,0.832,1.4619,0.8426,1.029,2.9704,2.0119,1.735,1.3391,4.9473,4.6343,9.9047,5.9543,9.958,8.9528,8.8868,4.5812,4.0082,1.4146,0.6721,5.0634,5.3994,5.5053,9.7432,5.8826,7.798,3.5787,3.1034,0.6752,0.9171,8.3429,14.8207,10.9431,20.9573,36.9535,26.897,2.6188,1.4295,0.7618,0.7619,7.2828,5.828,3.9482,10.9574,11.9553,8.9434,5.8181,9.2496,0.7079,0.2591,0.7123,1.1565,1.8964,1.2887,3.0426,2.9942,1.0038,0.5841,0.2301,1.708,4.492,11.8746,7.9522,14.958,15.9579,11.9504,7.8534,3.3968,0.9498,0.5156,1.2289,8.3442,1.8944,5.7116,4.9039,4.9429,2.818,2.2457,0.7054,0.1342,0.5726,3.8262,5.2061,2.3448,3.4843,4.4993,4.0082,0.617,0.1399,0.9498,5.3968,12.8534,6.9504,13.9578,13.9535,11.8939,5.5788,1.2501,0.466,0.5612,4.0082,5.674,4.9151,4.9553,9.9574,6.94,2.7854,3.1917,0.6726,0.6796,4.1988,7.7885,5.9404,8.953,19.904,12.7059,1.8207,4.0082,0.654,1.0081,2.4321,4.8612,5.9509,11.9579,15.9579,10.9478,5.8207,7.25,0.7079,1.1962,2.5461,4.8866,5.953,10.9579,3.9579,10.9509,3.8612,5.4321,1.0081,0.9498,5.3968,7.8534,6.9504,6.9578,10.953,9.8866,4.5461,1.1962,0.4333,2.8031,4.3963,9.758,18.9177,14.9528,17.9574,9.9478,10.8207,3.2501,0.7079],[0.3604,0.832,6.7171,1.2127,3.9798,3.3164,3.4996,2.1823,1.0011,0.5259,1.962,3.6818,7.0022,4.0819,8.0923,10.0879,15.0236,2.7064,1.4399,0.7201,0.738,3.2718,3.7145,3.7537,6.9056,6.0445,4.0438,4.8895,2.3092,0.7407,0.6556,6.1353,17.8084,10.05,30.0902,30.0903,30.0565,12.8877,5.4912,1.8436,0.9948,5.4933,3.9784,3.0799,4.0829,8.0596,5.0283,2.9151,3.3372,0.7479,0.4932,3.7722,8.22,2.3723,6.527,7.694,6.5234,1.4807,1.6478,0.4793,0.9947,7.4938,15.981,13.0848,18.0928,18.0928,21.0827,5.9551,9.3772,0.8023,0.8455,5.2192,2.6876,5.8102,4.9435,8.0596,7.0723,2.9156,3.2932,0.7201,0.2374,0.7124,1.3061,3.4007,2.7599,3.9443,4.9119,2.4648,1.0155,0.3198,0.8023,3.3771,4.9551,6.0827,11.0928,11.0902,11.0495,3.8011,3.1026,0.6017,0.7157,2.2906,3.9151,4.0749,7.0923,8.0897,6.0417,4.7658,2.0443,0.5664,0.6556,7.1353,15.8084,6.05,18.0876,27.0601,19.9355,5.7059,3.1978,0.7157,1.0982,2.5566,5.9951,5.0858,15.0928,24.0928,19.0817,9.9452,4.3401,0.7458,2.8606,6.6544,10.0168,11.0876,12.0929,16.0929,16.0897,6.0417,3.7658,3.0443,1.7484,5.5864,15.0017,7.0866,18.0929,28.0876,28.0168,7.6544,3.8606,0.455,1.011,9.4627,8.9224,5.0241,28.0596,17.0855,12.0817,8.9478,4.3444,0.7484],[0.3558,1.4619,1.2127,3.969,1.6414,3.6326,3.6472,1.519,0.8344,0.3245,0.9545,7.3222,3.8585,7.0637,7.1008,9.1008,14.0606,2.8232,4.1711,0.71,0.7466,3.295,4.709,2.0858,5.8579,3.0412,5.0531,3.9,2.3192,0.7481,0.514,1.3546,7.7165,4.0389,12.099,8.1029,12.0925,6.0118,2.6867,1.9608,2.8093,5.6219,3.9869,8.0412,7.0381,9.9494,8.8504,5.8112,5.3193,0.7489,0.5225,1.8126,2.2226,1.8277,6.7487,7.9616,6.8759,2.5834,2.0528,0.6404,0.8593,4.4174,8.9725,7.0938,20.1034,19.1034,19.0928,3.9584,5.3546,0.7559,1.7766,3.568,8.9542,7.0365,11.0703,10.0935,8.0601,4.8185,3.1427,0.6587,0.3857,1.6082,2.135,1.8327,5.7595,4.0031,5.0349,2.7703,3.0492,0.569,0.7533,4.3502,6.9558,4.0923,12.1034,11.1029,11.0855,8.9252,4.298,0.7188,0.7489,3.3476,2.9553,6.0923,7.1033,9.0959,8.9989,5.5366,1.0562,0.3302,0.7515,1.4987,4.7487,4.0415,6.0985,8.096,6.0601,7.904,2.3193,0.7442,3.0022,2.7458,9.0455,7.0998,10.1035,11.1029,14.0855,6.9252,2.2981,0.7188,1.2936,6.6806,14.0311,5.0985,7.1034,12.1035,13.1024,4.0777,4.8898,2.2397,0.9934,2.4987,7.9906,7.0954,15.1033,20.0985,24.0311,4.6807,1.2937,0.4743,0.8046,4.3502,8.8164,2.8509,15.9567,16.0707,12.0897,3.9552,2.3476,0.7489],[0.2921,0.8426,3.9798,1.6414,3.534,6.8463,7.8248,3.3518,2.6119,0.3618,0.8098,1.5341,3.7566,7.0421,5.0991,11.1029,6.0882,2.9585,6.4474,0.9651,0.7489,4.3193,2.8112,2.8509,8.9542,7.0381,8.9436,3.7207,4.2336,0.7701,0.6049,7.1102,11.8113,12.0602,20.1009,15.1035,28.0955,11.9959,5.5297,1.0491,1.2866,2.6455,4.8839,3.8523,2.9029,5.8289,2.0903,3.7161,2.2982,0.7471,0.4168,1.0087,1.4939,2.4838,2.8562,3.035,6.9757,2.6586,1.9788,0.5518,0.9978,3.5014,11.9912,8.0955,17.1035,19.1035,18.0929,4.958,2.3521,0.7516,1.2867,3.6733,5.0255,4.0937,9.1008,11.0986,12.0411,5.7461,1.4944,0.7489,0.4618,1.2213,6.4444,2.6067,10.6982,8.9198,11.0467,2.9156,2.2911,0.7157,0.7189,4.2982,3.9253,6.0856,7.103,4.1035,10.0919,8.9528,2.3433,0.7463,0.7515,2.3519,5.958,3.0929,10.1034,7.0939,7.9736,3.4227,0.8683,0.2162,1.6049,2.3521,6.8652,8.0646,7.101,17.103,12.0903,3.9536,2.3495,0.751,2.0474,3.7734,11.0519,4.1004,12.1036,23.1009,19.0602,4.8113,3.1102,0.6048,2.0449,3.769,8.0493,4.0999,11.1036,12.1036,10.1004,4.0566,3.8017,2.0986,0.8054,5.3847,11.9653,7.0934,12.1035,22.1004,21.0524,4.776,2.0518,0.5695,0.7517,3.3007,4.7166,2.0929,15.8616,10.0486,15.0786,5.9208,3.2956,0.7183],[0.3494,1.029,3.3164,3.6326,6.8463,7.0062,5.9384,2.4394,0.9621,0.2872,1.6093,2.3546,6.8657,11.0646,9.101,10.1036,17.0968,4.0093,2.5895,2.749,0.7484,4.3403,4.9226,3.0383,4.0664,6.0417,2.8453,1.9553,3.1985,0.9042,0.7188,6.2982,13.9253,7.0856,16.103,24.1035,31.0939,8.9731,6.42,0.8637,2.0429,5.7195,5.81,2.0978,7.829,8.9029,9.8466,6.8112,4.3194,0.7489,0.4218,3.6741,3.2105,4.5306,5.8434,3.9802,6.7917,3.2549,0.8951,0.294,1.7517,3.594,8.0119,5.0973,15.1036,10.1035,14.0929,9.958,3.3521,0.7515,2.0517,2.7758,4.0524,4.1003,8.1036,6.0999,7.0546,3.8281,4.2955,1.5716,0.5684,2.0369,2.6777,2.7212,2.0128,4.8143,5.998,2.8965,2.3148,0.7416,0.6048,4.1102,5.8113,5.0602,7.1009,12.103,14.0856,3.9252,2.2981,0.7188,0.7489,4.3477,7.9554,7.0924,10.1034,12.096,7.999,6.5367,1.0563,0.3302,0.9651,4.4475,14.9585,8.0882,13.103,10.1035,14.0929,3.9579,3.3521,0.7515,1.2893,3.6782,5.0307,7.0986,11.1034,14.0991,11.039,6.7161,1.3521,0.5096,1.9695,3.692,10.0129,4.0926,13.1031,9.103,15.0913,2.9985,2.6268,1.2609,0.7533,3.3503,8.9559,8.0924,9.1035,15.1004,22.0524,3.776,2.0518,0.5695,0.7534,3.322,4.8118,6.851,12.9563,6.0609,16.0249,5.7573,3.0775,0.5975],[0.5602,2.9704,3.4996,3.6472,7.8248,5.9384,8.8364,2.3116,0.8131,0.2022,0.9582,3.4404,4.9553,6.0876,13.1029,11.1034,16.0949,8.988,5.4942,0.9908,0.7157,5.2901,4.913,3.0731,7.092,9.0618,4.9048,2.583,2.1444,1.5363,0.7489,5.3476,13.9553,8.0923,14.1034,23.1034,11.0954,6.9911,3.5013,0.9979,1.9952,4.7105,10.8983,5.8574,12.9495,7.038,15.0363,4.9252,3.3447,0.751,0.46,1.1739,2.2356,1.7494,4.6628,5.8045,7.4723,1.2365,0.5353,0.1283,0.9978,8.5013,10.9911,5.0954,21.1034,18.1034,10.0928,9.9579,3.352,0.7515,2.0491,3.7715,7.0497,5.0993,11.0999,10.086,12.0152,4.7516,2.1653,0.8041,0.5695,6.0455,7.7052,3.7501,10.6087,8.7758,11.8781,3.7064,2.2026,0.7183,0.5096,1.352,5.716,6.0389,10.099,10.1002,10.0575,2.8068,6.1075,0.6043,0.7188,3.2981,8.9252,4.0855,13.1029,8.1003,12.0523,3.7759,2.0518,0.5695,0.8567,5.413,9.9699,4.0933,11.1034,16.1034,19.0928,7.9579,2.352,0.7515,1.8142,5.6318,8.0201,15.0977,18.1035,16.1008,13.0601,4.8112,4.1101,0.6048,0.9546,3.3222,6.8585,5.0637,14.1008,16.1009,12.0645,7.8703,3.3829,1.6606,0.7189,5.2981,8.9252,6.0855,13.1028,12.0985,7.0311,5.6807,1.2937,0.4743,0.8049,4.3774,6.9325,9.0394,6.068,13.0585,10.8891,2.4697,1.2027,0.4764],[0.6656,2.0119,2.1823,1.519,3.3518,2.4394,2.3116,1.9779,0.7722,0.2513,0.767,4.3189,7.9198,10.0749,15.0923,16.0923,15.0754,5.9224,2.3233,0.7696,0.5612,4.0087,4.6813,2.9482,6.0159,12.009,5.8923,2.4441,1.1295,0.5544,0.7484,4.3444,8.9478,7.0822,20.0928,19.0929,32.0866,6.0017,2.5864,1.7485,1.0438,3.5166,2.9551,7.0314,7.0596,11.0829,5.0773,3.9452,3.344,0.7484,0.5589,1.9551,3.3727,1.7927,2.6435,5.7137,1.7624,1.8166,0.5523,0.1572,0.8562,6.4099,8.9624,8.0832,10.0928,13.0928,7.0822,4.9478,3.3445,0.7484,1.2535,2.6167,3.9873,5.0728,8.0496,7.9686,10.7877,5.396,1.1644,0.4919,0.4706,1.274,3.5767,3.6918,1.9964,4.7496,5.7459,1.889,3.0698,0.6872,0.6017,5.1026,10.8011,7.0495,14.0896,16.0811,11.9956,7.652,1.3118,0.4992,0.6017,2.1026,8.8011,4.0495,7.0902,11.0923,9.0744,3.9125,2.2861,0.7131,0.9947,4.4937,13.981,6.0848,12.0928,13.0928,22.0822,6.9478,4.3445,0.7484,1.0487,7.5265,7.9883,8.0853,17.0928,16.0923,13.0749,6.9151,4.2906,0.7157,0.8067,1.5265,4.7464,6.0314,7.0883,16.0878,17.0236,2.7064,1.4399,0.7202,0.6017,3.1026,9.8011,5.0495,24.0902,10.0876,10.0168,8.6544,4.8606,0.455,0.9903,2.4907,4.9779,9.0803,11.0853,14.0285,10.7749,1.7472,5.828,0.5405],[0.6091,1.735,1.0011,0.8344,2.6119,0.9621,0.8131,0.7722,6.2258,0.2855,0.5656,4.0107,5.6745,5.9151,7.9553,25.9553,19.9151,2.6745,4.0108,0.5656,0.284,0.8288,3.0409,2.4399,7.6221,7.6378,7.5304,3.0137,0.6471,0.1933,0.7079,4.2501,10.8207,8.9478,18.9579,18.9579,27.9504,5.8534,5.3968,0.9498,0.7662,2.2849,8.8259,6.9439,5.9553,11.9574,13.9477,6.8207,3.2501,0.7079,0.5254,3.9142,5.4618,3.6094,2.7395,4.7211,5.3989,2.8403,0.6426,0.3366,0.9542,2.3994,10.8539,2.9504,8.9579,8.9579,11.9478,8.8207,2.2501,0.7079,1.6195,5.2854,5.7331,3.8846,11.7716,10.5102,7.2519,1.3484,1.4916,0.3624,0.4119,2.7309,2.3474,8.4912,8.5545,9.7105,7.6186,2.3343,1.9567,0.6425,0.6752,5.1962,5.788,4.9405,8.9548,12.9226,7.7684,4.4321,1.8615,0.5285,0.466,1.2501,4.5788,5.8939,3.9535,4.9578,5.9473,3.8181,3.2456,0.7053,1.708,2.492,10.8746,6.9522,23.958,16.9579,12.9478,2.8207,2.2501,0.7079,1.0038,4.4295,5.8607,5.9509,11.9579,16.9579,12.9473,5.8181,3.2457,0.7053,2.5657,4.2527,4.7284,2.9195,8.9554,11.9527,8.8829,3.5346,4.799,0.4685,0.466,1.2501,5.5788,7.8939,10.9534,14.9529,6.8866,3.5461,1.1962,0.4333,1.7079,2.492,8.8746,4.9521,11.9528,6.892,15.6471,6.3042,3.9028,0.6098],[0.4317,1.3391,0.5259,0.3245,0.3618,0.2872,0.2022,0.2513,0.2855,0.155,0.2841,0.8262,6.0082,3.2906,5.3475,10.3475,6.2906,5.0082,0.8262,0.2841,0.079,0.2884,0.6152,0.962,2.8028,1.2322,1.7623,0.7752,0.2867,0.055,0.5259,4.8262,7.2501,11.3445,17.352,20.352,23.345,7.2574,3.8589,0.5798,0.5304,1.8288,6.2506,4.3444,2.352,6.352,7.3445,4.2501,1.8262,0.5259,0.2809,0.814,3.9703,3.2312,3.3005,4.2496,2.9556,0.843,0.516,1.0471,1.526,3.0681,4.304,6.3489,6.3521,11.352,12.3445,5.2501,4.8262,0.5259,0.5304,0.9754,3.0369,2.2349,2.0491,1.0724,0.8947,2.4378,0.5673,0.2142,0.2469,0.7179,1.7263,1.2505,4.0463,3.2041,3.0582,1.1956,1.5516,0.4647,0.5233,1.8218,4.2475,3.3439,3.3476,6.2976,5.0953,1.2174,2.5304,0.4393,0.3792,1.5843,3.1034,2.3118,2.3494,7.352,5.3445,2.2501,1.8261,0.5259,0.7678,2.9729,4.2828,8.3471,7.352,7.352,5.3445,3.2501,1.8262,0.5259,1.5303,6.0707,4.3045,7.3489,8.3521,13.352,9.3445,2.2501,1.8261,0.5259,0.7352,2.919,4.2501,6.3398,6.3514,6.3471,7.2833,2.976,0.7749,0.2557,0.3792,6.5843,4.1034,3.3118,7.3494,6.3494,5.3113,7.1008,1.5799,0.3766,0.7678,3.9729,4.2828,3.347,8.3471,7.2908,11.0694,1.1936,4.5472,0.4621],[0.8217,4.9473,1.962,0.9545,0.8098,1.6093,0.9582,0.767,0.5656,0.2841,5.8262,19.2501,8.3445,14.352,9.3521,16.3521,12.352,19.3445,15.2501,12.8262,8.8262,6.2501,6.3445,7.352,7.3521,7.3521,6.352,3.3445,4.2501,5.8262,21.8262,46.2501,41.3445,31.352,22.3521,31.3521,29.352,33.3445,32.2501,28.8262,4.8262,11.2501,5.3445,13.352,7.3521,10.3521,8.352,8.3445,6.2501,7.8262,1.7352,4.8076,0.8607,0.9633,2.0192,3.2373,2.1056,1.3444,2.0082,1.7723,9.8262,41.2501,31.3445,20.352,24.3521,31.3521,29.352,31.3445,26.2501,9.8262,11.8262,24.2501,9.3445,12.352,6.3521,14.3521,13.352,17.3445,6.2501,6.8262,1.8262,6.25,5.3401,2.298,2.1058,1.2982,1.8682,1.2906,3.0038,3.7722,3.8262,13.2501,9.3445,11.352,6.3521,7.3521,11.352,7.3445,8.2501,8.8262,5.8262,17.2501,15.3445,18.352,13.3521,20.3521,15.352,18.3445,13.2501,19.8262,16.8262,38.2501,23.3445,31.352,40.3521,39.3521,34.352,42.3445,25.2501,18.8262,17.8262,40.2501,35.3445,34.352,18.3521,35.3521,22.352,38.3445,25.2501,20.8262,11.8262,39.2501,26.3445,32.352,15.3521,29.3521,17.352,25.3445,29.2501,15.8262,16.8262,23.2501,17.3445,21.352,13.3521,21.3521,13.352,28.3445,19.2501,19.8262,13.8262,21.2501,14.3445,18.352,8.3521,20.3521,20.352,15.3445,17.2501,8.8262],[3.0055,4.6343,3.6818,7.3222,1.5341,2.3546,3.4404,4.3189,4.0107,0.8262,19.2501,35.8207,26.9478,22.9579,21.958,30.958,12.9579,22.9478,27.8207,14.2501,9.2501,15.8207,15.9478,16.9579,8.958,21.958,13.9579,12.9478,8.8207,13.2501,29.2501,51.8207,49.9478,45.9579,29.958,55.958,35.9579,71.9478,48.8207,38.2501,15.2501,33.8207,22.9478,21.9579,14.958,22.958,15.9579,30.9478,21.8207,22.2501,4.1609,5.3994,1.5592,5.3274,2.7221,2.8856,2.8085,7.7059,2.674,2.2174,22.2501,30.8207,39.9478,22.9579,21.958,39.958,30.9579,36.9478,24.8207,23.2501,8.2501,14.8207,12.9478,7.9579,12.958,13.958,8.9579,12.9478,13.8207,11.2501,4.2501,13.8207,11.9452,9.9252,11.8087,8.6834,7.6645,9.6732,7.6714,7.2174,19.2501,35.8207,31.9478,28.9579,19.958,34.958,26.9579,38.9478,21.8207,22.2501,10.2501,20.8207,16.9478,17.9579,12.958,11.958,13.9579,18.9478,11.8207,16.2501,15.2501,29.8207,19.9478,34.9579,18.958,36.958,28.9579,37.9478,27.8207,20.2501,15.2501,28.8207,24.9478,35.9579,20.958,30.958,22.9579,31.9478,25.8207,19.2501,10.2501,20.8207,22.9478,18.9579,12.958,19.958,13.9579,14.9478,8.8207,11.2501,24.2501,27.8207,30.9478,31.9579,18.958,32.958,20.9579,35.9478,23.8207,23.2501,21.2501,49.8207,23.9478,39.9579,27.958,32.958,30.9579,48.9478,35.8207,21.2501],[5.2901,9.9047,7.0022,3.8585,3.7566,6.8657,4.9553,7.9198,5.6745,6.0082,8.3445,26.9478,26.0822,35.0928,22.0929,28.0929,24.0928,25.0822,19.9478,17.3445,6.3445,10.9478,7.0822,6.0928,6.0929,10.0929,10.0928,13.0822,4.9478,7.3445,28.3445,62.9478,52.0822,56.0928,38.0929,66.0929000000001,44.0928,79.0822000000001,45.9478,42.3445,13.3445,20.9478,16.0822,19.0928,13.0929,24.0929,18.0928,22.0822,11.9478,10.3445,5.304,10.7611,11.7537,12.8595,11.0197,21.0752,13.0596,14.0283,13.9151,10.3372,35.3445,52.9478,48.0822,58.0928,46.0929,47.0929,46.0928,72.0822000000001,43.9478,31.3445,14.3445,17.9478,15.0822,20.0928,15.0929,30.0929,12.0928,26.0822,12.9478,16.3445,4.3445,8.9478,11.0817,16.0855,10.0597,13.0317,9.0274,9.021,8.9146,6.3372,16.3445,23.9478,27.0822,26.0928,17.0929,33.0929,21.0928,31.0822,22.9478,21.3445,12.3445,18.9478,18.0822,17.0928,11.0929,23.0929,18.0928,22.0822,14.9478,18.3445,29.3445,42.9478,34.0822,36.0928,31.0929,42.0929,39.0928,43.0822,44.9478,23.3445,25.3445,25.9478,23.0822,26.0928,29.0929,44.0929,20.0928,59.0822,36.9478,24.3445,18.3445,44.9478,28.0822,32.0928,22.0929,42.0929,31.0928,33.0822,24.9478,25.3445,15.3445,40.9478,37.0822,29.0928,24.0929,40.0929,26.0928,55.0822,33.9478,28.3445,22.3445,30.9478,36.0822,20.0928,20.0929,47.0929,21.0928,42.0822,26.9478,18.3445],[3.3476,5.9543,4.0819,7.0637,7.0421,11.0646,6.0876,10.0749,5.9151,3.2906,14.352,22.9579,35.0928,38.1034,18.1035,26.1035,29.1034,29.0928,16.9579,23.352,3.352,11.9579,12.0928,12.1034,9.1035,11.1035,9.1034,14.0928,10.9579,9.352,20.352,53.9579,40.0928,39.1034,39.1035,32.1035,36.1034,37.0928,34.9579,24.352,11.352,22.9579,17.0928,13.1034,17.1035,23.1035,19.1034,23.0928,13.9579,8.352,2.3442,9.9221,10.0319,6.0637,8.0931,19.102,5.1008,10.0884,10.9553,8.3515,15.352,34.9579,31.0928,31.1034,31.1035,37.1035,32.1034,41.0928,29.9579,28.352,12.352,19.9579,15.0928,16.1034,14.1035,22.1035,12.1034,20.0928,13.9579,10.352,5.352,10.9579,4.0928,10.1029,8.1009,7.0986,12.0982,9.0879,3.9553,5.3515,10.352,28.9579,24.0928,22.1034,21.1035,23.1035,17.1034,19.0928,20.9579,13.352,20.352,19.9579,22.0928,22.1034,13.1035,24.1035,16.1034,27.0928,22.9579,13.352,13.352,21.9579,33.0928,17.1034,11.1035,12.1035,17.1034,22.0928,15.9579,14.352,13.352,31.9579,24.0928,35.1034,13.1035,23.1035,28.1034,35.0928,22.9579,16.352,20.352,28.9579,30.0928,23.1034,22.1035,35.1035,24.1034,40.0928,21.9579,20.352,24.352,46.9579,36.0928,30.1034,29.1035,42.1035,24.1034,35.0928,27.9579,31.352,17.352,28.9579,34.0928,33.1034,21.1035,25.1035,30.1034,35.0928,25.9579,11.352],[8.3519,9.958,8.0923,7.1008,5.0991,9.101,13.1029,15.0923,7.9553,5.3475,9.3521,21.958,22.0929,18.1035,21.1036,26.1036,18.1035,27.0929,18.958,13.3521,6.3521,9.958,15.0929,13.1035,11.1036,9.1036,8.1035,15.0929,8.958,9.3521,32.3521,42.958,44.0929,40.1035,47.1036,47.1036,29.1035,45.0929,34.958,27.3521,3.3521,12.958,6.0929,9.1035,6.1036,14.1036,7.1035,10.0929,8.958,8.3521,5.3516,3.9554,6.0884,3.1008,10.1031,11.1036,7.1035,7.0928,3.958,4.3521,23.3521,32.958,24.0929,24.1035,23.1036,28.1036,24.1035,50.0929,26.958,23.3521,12.3521,19.958,19.0929,15.1035,16.1036,20.1036,21.1035,24.0929,17.958,16.3521,7.3521,19.958,12.0929,12.1035,14.1036,21.1035,10.1035,11.0928,11.958,7.3521,9.3521,16.958,15.0929,13.1035,11.1036,20.1036,18.1035,20.0929,10.958,12.3521,8.3521,16.958,14.0929,16.1035,12.1036,13.1036,10.1035,20.0929,8.958,12.3521,12.3521,24.958,19.0929,27.1035,18.1036,28.1036,14.1035,26.0929,20.958,9.3521,6.3521,30.958,28.0929,31.1035,18.1036,30.1036,24.1035,32.0929,19.958,18.3521,12.3521,38.958,37.0929,29.1035,19.1036,30.1036,18.1035,36.0929,25.958,24.3521,22.3521,34.958,33.0929,31.1035,26.1036,24.1036,30.1035,48.0929,29.958,29.3521,19.3521,44.958,31.0929,39.1035,25.1036,36.1036,17.1035,46.0929,23.958,26.3521],[11.3471,8.9528,10.0879,9.1008,11.1029,10.1036,11.1034,16.0923,25.9553,10.3475,16.3521,30.958,28.0929,26.1035,26.1036,30.1036,25.1035,28.0929,19.958,20.3521,3.3521,9.958,10.0929,7.1034,7.1035,10.1036,5.1035,10.0928,5.958,4.352,30.3521,58.958,52.0929,48.1035,41.1036,69.1036000000001,47.1035,54.0929,37.958,33.3521,11.3521,22.958,22.0929,15.1035,15.1036,20.1036,19.1035,24.0929,17.958,21.3521,9.3521,21.958,12.0928,21.1035,16.1035,17.1036,14.1035,17.0929,13.958,9.3521,21.3521,38.958,40.0929,21.1035,20.1036,40.1036,17.1035,36.0929,27.958,12.3521,7.3521,5.958,19.0929,17.1035,15.1036,10.1036,11.1035,15.0929,11.9579,9.3521,4.3521,20.958,9.0929,8.1035,8.1036,12.1036,9.1035,12.0929,8.958,7.3521,9.3521,28.958,22.0929,23.1035,11.1036,20.1036,17.1035,30.0929,18.958,11.3521,15.3521,28.958,28.0929,22.1035,18.1036,14.1036,20.1035,27.0929,16.958,21.3521,17.3521,30.958,29.0929,32.1035,21.1036,39.1036,28.1035,50.0929,23.958,21.3521,12.3521,24.958,25.0929,30.1035,11.1036,23.1036,20.1035,25.0929,21.958,14.3521,23.3521,36.958,23.0929,21.1035,22.1036,26.1036,18.1035,37.0929,21.958,24.3521,13.3521,26.958,29.0929,22.1035,15.1036,39.1036,20.1035,30.0929,20.958,16.3521,21.3521,31.958,26.0929,31.1035,20.1036,43.1036,22.1035,30.0929,15.958,16.3521],[4.2859,8.8868,15.0236,14.0606,6.0882,17.0968,16.0949,15.0754,19.9151,6.2906,12.352,12.9579,24.0928,29.1034,18.1035,25.1035,26.1034,18.0928,7.9579,12.352,7.352,9.9574,13.0897,14.0964,9.0965,9.0999,7.1003,12.0879,12.9527,16.3471,23.352,40.9579,25.0928,39.1034,33.1035,43.1035,29.1034,42.0928,31.9579,30.352,19.352,18.9579,20.0928,21.1034,19.1035,26.1035,20.1034,24.0928,13.9579,17.352,7.352,8.9579,10.0923,11.1008,8.0991,13.1009,5.1029,12.0928,4.9579,11.352,21.352,36.9579,22.0928,44.1034,30.1035,28.1035,30.1034,49.0928,34.9579,37.352,12.352,19.9579,20.0928,18.1034,13.1035,30.1035,23.1029,14.0902,12.9535,15.3494,9.352,12.9579,14.0928,11.1034,10.1035,22.1035,17.1034,17.0928,8.9579,18.352,6.352,14.9579,12.0928,17.1034,22.1035,21.1035,14.1034,13.0928,8.9579,9.352,10.352,20.9579,19.0928,21.1034,21.1035,24.1035,12.1034,23.0928,20.9579,14.352,13.352,35.9579,21.0928,24.1034,17.1035,33.1035,23.1034,41.0928,27.9579,19.352,13.352,28.9579,24.0928,23.1034,20.1035,25.1035,21.1034,34.0928,21.9579,20.352,25.352,39.9579,28.0928,24.1034,29.1035,24.1035,17.1034,35.0928,25.9579,26.352,18.352,28.9579,25.0928,26.1034,19.1035,25.1035,28.1034,25.0928,25.9579,13.352,13.352,26.9579,26.0928,26.1034,15.1035,25.1035,19.1034,35.0928,16.9579,14.352],[3.0082,4.5812,2.7064,2.8232,2.9585,4.0093,8.988,5.9224,2.6745,5.0082,19.3445,22.9478,25.0822,29.0928,27.0929,28.0929,18.0928,34.0822,19.9478,10.3445,8.344,17.94,12.0422,9.0062,13.0058,17.0456,11.0518,13.0205,9.8824,7.2833,30.3445,43.9478,28.0822,39.0928,39.0929,45.0929,29.0928,66.0822000000001,33.9478,25.3445,12.3445,16.9478,13.0822,12.0928,13.0929,13.0929,10.0928,17.0822,16.9478,12.3445,5.3445,3.9473,5.0749,8.0601,7.039,9.0602,9.0855,4.0817,4.9478,3.3445,17.3445,25.9478,15.0822,27.0928,23.0929,30.0929,20.0928,25.0822,23.9478,11.3445,11.3445,13.9478,11.0822,13.0928,13.0929,17.0924,13.0855,11.0495,7.8939,8.3118,5.3445,12.9478,8.0822,9.0928,5.0929,11.0929,4.0928,12.0822,4.9478,6.3445,16.3445,25.9478,29.0822,39.0928,21.0929,33.0929,27.0928,35.0822,20.9478,21.3445,11.3445,18.9478,26.0822,27.0928,19.0929,23.0929,14.0928,24.0822,20.9478,12.3445,18.3445,38.9478,32.0822,31.0928,20.0929,44.0929,24.0928,50.0822,26.9478,25.3445,21.3445,31.9478,19.0822,24.0928,24.0929,39.0929,26.0928,37.0822,19.9478,21.3445,18.3445,37.9478,27.0822,33.0928,26.0929,32.0929,20.0928,22.0822,25.9478,28.3445,16.3445,31.9478,29.0822,28.0928,20.0929,28.0929,24.0928,36.0822,31.9478,25.3445,10.3445,40.9478,27.0822,25.0928,28.0929,29.0929,18.0928,48.0822,27.9478,22.3445],[0.919,4.0082,1.4399,4.1711,6.4474,2.5895,5.4942,2.3233,4.0108,0.8262,15.2501,27.8207,19.9478,16.9579,18.958,19.958,7.9579,19.9478,23.8207,9.2501,2.2475,10.7854,14.7684,12.5693,4.5668,13.7459,7.7733,8.6706,9.5273,7.9755,28.2501,46.8207,43.9478,46.9579,40.958,69.9580000000001,29.9579,78.9478,49.8207,34.2501,17.2501,19.8207,23.9478,21.9579,18.958,28.958,18.9579,30.9478,14.8207,11.2501,8.2501,11.8181,5.9151,11.8112,4.7161,13.8113,3.9252,12.9452,8.8207,9.2501,17.2501,32.8207,22.9478,22.9579,15.958,29.958,23.9579,18.9478,21.8207,22.2501,15.2501,27.8207,17.9478,18.9579,15.958,30.9554,14.9252,27.8011,8.5788,10.1034,6.2501,16.8207,13.9478,12.9579,11.958,17.958,13.9579,23.9478,13.8207,6.2501,19.2501,35.8207,11.9478,25.9579,12.958,16.958,16.9579,26.9478,21.8207,13.2501,11.2501,23.8207,17.9478,9.9579,11.958,18.958,13.9579,17.9478,14.8207,14.2501,13.2501,42.8207,26.9478,31.9579,18.958,40.958,24.9579,40.9478,20.8207,24.2501,12.2501,28.8207,17.9478,27.9579,21.958,29.958,21.9579,40.9478,18.8207,28.2501,16.2501,33.8207,22.9478,21.9579,24.958,17.958,26.9579,34.9478,25.8207,17.2501,6.2501,25.8207,20.9478,29.9579,14.958,33.958,15.9579,23.9478,17.8207,8.2501,9.2501,31.8207,15.9478,15.9579,22.958,30.958,24.9579,15.9478,16.8207,15.2501],[0.4932,1.4146,0.7201,0.71,0.9651,2.749,0.9908,0.7696,0.5656,0.2841,12.8262,14.2501,17.3445,23.352,13.3521,20.3521,12.352,10.3445,9.2501,9.8262,3.8217,3.1918,3.0487,1.11,1.1058,2.0023,2.0474,1.2861,1.7662,0.7723,23.8262,64.2501,35.3445,39.352,29.3521,55.3521,36.352,50.3445,38.2501,37.8262,7.8262,13.2501,13.3445,11.352,14.3521,11.3521,8.352,13.3445,5.2501,5.8262,1.8261,6.2457,2.2906,4.1101,1.3521,2.1102,7.2981,4.3401,2.25,3.8262,11.8262,19.2501,22.3445,28.352,26.3521,32.3521,19.352,31.3445,22.2501,20.8262,4.8262,12.2501,7.3445,10.352,7.352,7.3477,6.2981,5.1026,1.2501,1.5843,7.8262,10.2501,7.3445,8.352,4.3521,3.3521,8.352,7.3445,10.2501,8.8262,8.8262,17.2501,9.3445,17.352,5.3521,20.3521,9.352,8.3445,8.2501,4.8262,1.8262,11.2501,8.3445,12.352,9.3521,10.3521,13.352,8.3445,5.2501,4.8262,17.8262,30.2501,22.3445,23.352,17.3521,19.3521,13.352,26.3445,18.2501,14.8262,21.8262,33.2501,21.3445,39.352,24.3521,26.3521,21.352,24.3445,20.2501,17.8262,6.8262,17.2501,14.3445,16.352,11.3521,12.3521,7.352,19.3445,13.2501,4.8262,6.8262,25.2501,19.3445,16.352,6.3521,14.3521,14.352,12.3445,14.2501,6.8262,11.8262,28.2501,16.3445,20.352,20.3521,20.3521,24.352,15.3445,16.2501,11.8262],[0.4676,0.6721,0.738,0.7466,0.7489,0.7484,0.7157,0.5612,0.284,0.079,8.8262,9.2501,6.3445,3.352,6.3521,3.3521,7.352,8.344,2.2475,3.8217,3.7182,2.9711,1.2833,3.8677,1.2982,2.1058,3.2975,5.3323,5.2147,1.7678,7.8262,22.2501,14.3445,12.352,10.3521,10.3521,15.352,19.3445,13.2501,6.8262,1.8262,7.2501,4.3445,6.352,7.3521,2.3521,4.3515,10.3372,2.2174,1.7722,0.1348,0.2884,0.441,0.5413,1.2718,0.8653,2.8326,2.8127,0.7593,0.4374,3.8262,18.2501,10.3445,11.352,13.3521,6.3521,9.352,9.3445,8.2501,4.8262,1.5843,7.1034,2.3118,8.3494,4.3521,7.3521,6.3515,7.3372,4.2174,3.7723,0.526,0.7636,1.0437,2.9934,1.9934,1.0473,0.8067,0.7176,0.5569,0.2814,1.8262,7.2501,3.3445,4.352,3.3521,4.3521,10.352,4.3445,4.2501,2.8262,2.5843,9.1034,5.3118,6.3494,9.3521,6.3521,9.352,11.344,5.2475,2.8217,5.8262,14.2501,9.3445,16.352,11.3521,14.3521,12.3494,15.3113,8.1008,3.5798,7.8262,19.2501,9.3445,17.352,7.3521,11.3521,17.352,26.3445,15.2501,2.8262,5.8262,11.2501,6.3445,16.352,10.3521,12.3521,9.3494,14.3118,6.1034,3.5843,5.8262,12.2501,9.3445,17.352,8.3521,10.3521,10.352,17.3445,11.2501,1.8262,2.8262,10.2501,5.3445,6.352,6.3521,3.3521,10.352,7.3445,7.2501,4.8261],[3.5299,5.0634,3.2718,3.295,4.3193,4.3403,5.2901,4.0087,0.8288,0.2884,6.2501,15.8207,10.9478,11.9579,9.958,9.958,9.9574,17.94,10.7854,3.1918,2.9711,12.5221,4.64,7.6619,4.6834,4.8087,6.9221,10.9047,4.6387,1.9498,11.2501,19.8207,17.9478,22.9579,21.958,12.958,16.9579,23.9478,16.8207,2.2501,5.2501,10.8207,4.9478,10.9579,13.958,5.958,13.9553,12.9146,10.6714,3.0038,0.5798,0.9524,1.7807,1.1446,1.1365,1.3753,4.4187,2.4349,1.4224,1.615,5.2501,18.8207,7.9478,15.9579,11.958,8.958,12.9579,14.9478,15.8207,4.2501,1.25,6.5788,6.8939,4.9535,5.9579,4.958,6.9553,5.9151,3.674,2.0082,2.7749,4.2527,4.5166,7.7401,3.7407,2.5309,2.3756,3.2605,6.9543,0.7935,8.2501,14.8207,10.9478,20.9579,15.958,12.958,12.9579,21.9478,13.8207,4.2501,1.2501,9.5788,3.8939,5.9535,3.9579,10.958,5.9574,6.94,5.7854,2.1918,5.2501,15.8207,8.9478,17.9579,8.958,8.9579,7.953,15.8861,8.5435,1.1917,4.2501,12.8207,9.9478,10.9579,9.958,8.958,11.9579,14.9478,7.8207,2.2501,7.2501,9.8207,13.9478,5.9579,8.958,4.9579,7.9535,8.8939,5.5788,1.2501,5.2501,14.8207,6.9478,15.9579,10.958,10.958,11.9579,11.9478,8.8207,2.2501,6.2501,17.8207,8.9478,20.9579,10.958,6.958,9.9579,25.9473,14.8181,6.2457],[1.0056,5.3994,3.7145,4.709,2.8112,4.9226,4.913,4.6813,3.0409,0.6152,6.3445,15.9478,7.0822,12.0928,15.0929,10.0929,13.0897,12.0422,14.7684,3.0487,1.2833,4.64,9.9598,4.0225,6.0316,5.0596,4.078,6.9873,4.5239,1.0443,11.3445,38.9478,10.0822,26.0928,22.0929,20.0929,19.0928,31.0822,24.9478,4.3445,4.3445,3.9478,8.0822,9.0928,7.0929,8.0928,8.0879,12.021,7.6732,1.2906,1.8589,7.3968,5.5864,7.5018,5.4279,2.5741,7.8293,9.8446,6.5809,2.0528,11.3445,22.9478,12.0822,25.0928,27.0929,15.0929,15.0928,34.0822,13.9478,8.3445,4.0982,16.7985,9.049,15.0902,5.0929,7.0928,10.0884,10.0283,6.7059,1.3445,4.0087,8.6818,3.9551,5.0419,5.0446,3.9954,4.9304,4.7689,8.4321,1.8615,4.3445,11.9478,6.0822,13.0928,9.0929,11.0929,11.0928,14.0822,11.9478,2.3445,5.1026,13.8011,7.0495,6.0902,7.0929,5.0929,10.0897,12.0422,6.7684,3.0487,5.3445,17.9478,16.0822,18.0928,14.0929,11.0929,20.0871,16.009,12.6191,3.8024,5.3445,11.9478,8.0822,24.0928,10.0929,6.0929,13.0928,21.0822,15.9478,4.3445,7.3445,20.9478,10.0822,13.0928,12.0929,14.0929,17.0902,20.0495,9.8011,2.1026,7.3445,16.9478,8.0822,24.0928,10.0929,16.0929,22.0928,24.0822,13.9478,5.3444,6.3445,6.9478,8.0822,17.0928,6.0929,9.0929,11.0923,20.0749,6.9151,4.2906],[1.0981,5.5053,3.7537,2.0858,2.8509,3.0383,3.0731,2.9482,2.4399,0.962,7.352,16.9579,6.0928,12.1034,13.1035,7.1034,14.0964,9.0062,12.5693,1.11,3.8677,7.6619,4.0225,11.093,5.0986,5.1008,3.0928,5.9662,6.3899,0.8143,9.352,15.9579,9.0928,21.1034,13.1035,11.1035,11.1034,18.0928,16.9579,2.352,5.352,10.9579,8.0928,13.1034,4.1035,8.1035,4.0982,7.0274,6.6645,1.8682,2.2574,2.8508,4.9695,10.847,4.7361,5.8575,7.0167,3.0056,4.7145,3.012,6.352,12.9579,6.0928,23.1034,15.1035,13.1035,17.1034,17.0928,12.9579,4.352,4.2442,10.8925,8.0782,8.1024,10.1035,7.1035,11.1008,9.0601,8.8112,2.11,1.3445,5.7064,4.0314,5.0954,4.0997,5.0916,4.0389,4.833,1.915,2.0486,5.352,7.9579,4.0928,11.1034,10.1035,8.1035,9.1034,11.0928,9.9579,7.352,5.2981,9.9252,8.0855,11.1029,8.1035,5.1034,7.0964,11.0062,5.5693,1.1101,4.352,10.9579,7.0928,11.1034,9.1035,4.1034,7.0954,9.9916,8.5039,1.0023,7.352,11.9579,6.0928,18.1034,11.1035,12.1035,14.1034,9.0928,8.9579,4.352,5.352,10.9579,12.0928,15.1034,13.1035,12.1035,13.1029,18.0855,13.9252,3.2981,10.352,8.9579,14.0928,24.1034,18.1035,7.1035,15.1034,11.0923,9.9553,3.3476,5.352,15.9579,15.0928,11.1034,10.1035,6.1035,9.1008,14.0601,9.8112,6.1101],[4.0492,9.7432,6.9056,5.8579,8.9542,4.0664,7.092,6.0159,7.6221,2.8028,7.3521,8.958,6.0929,9.1035,11.1036,7.1035,9.0965,13.0058,4.5668,1.1058,1.2982,4.6834,6.0316,5.0986,7.1034,4.1035,8.0934,4.9663,6.39,0.8144,12.3521,15.958,14.0929,24.1035,17.1036,10.1036,17.1035,24.0929,12.958,7.3521,3.3521,13.958,4.0929,9.1035,6.1036,7.1035,9.0986,6.0317,4.6834,1.2982,2.3448,2.946,4.0327,3.8535,2.094,3.854,3.0385,3.991,3.5295,1.0491,10.3521,15.958,12.0929,19.1035,9.1036,11.1036,16.1035,13.0929,14.958,3.3521,6.1058,11.8087,4.0597,10.1009,5.1036,5.1036,10.103,11.0851,5.9227,5.2937,2.1101,7.8112,4.0601,7.1009,4.1036,9.1009,6.0702,5.9425,5.7064,4.1939,6.3521,3.958,6.0929,21.1035,6.1036,5.1036,10.1035,8.0929,4.958,2.3521,4.3477,4.9554,6.0924,10.1035,4.1036,6.1035,10.0965,7.0063,5.5694,1.1101,7.3521,14.958,7.0929,17.1035,6.1036,7.1035,10.0939,9.9731,4.4201,0.8639,5.3521,13.958,8.0929,19.1035,7.1036,6.1036,14.1035,16.0929,8.958,5.3521,8.3521,14.958,10.0929,11.1035,8.1036,12.1036,10.1035,14.0924,10.9554,4.3476,7.3521,20.958,5.0929,23.1035,11.1036,14.1036,18.103,14.0856,6.9253,4.2981,4.3521,6.958,11.0929,20.1035,9.1036,12.1035,17.0991,15.039,7.7161,1.352],[2.2393,5.8826,6.0445,3.0412,7.0381,6.0417,9.0618,12.009,7.6378,1.2322,7.3521,21.958,10.0929,11.1035,9.1036,10.1036,9.0999,17.0456,13.7459,2.0023,2.1058,4.8087,5.0596,5.1008,4.1035,5.1034,3.096,2.9985,3.5341,1.0519,11.3521,10.958,21.0929,25.1035,12.1036,16.1036,20.1035,30.0929,20.958,6.3521,5.3521,11.958,11.0929,8.1035,6.1036,8.1036,7.1009,10.0597,7.8087,3.1057,3.3475,11.9527,8.0596,8.9567,5.8616,4.9566,11.0606,7.9632,4.3872,0.8099,6.3521,18.958,6.0929,7.1035,12.1036,10.1036,13.1035,18.0929,8.958,4.3521,1.3519,3.7161,6.0389,11.0991,8.1034,4.1036,6.103,5.0846,3.9201,4.2894,2.2981,7.9253,5.0856,5.103,4.1035,4.1025,4.0884,9.0202,4.8175,2.2327,2.3521,10.958,8.0929,16.1035,11.1036,8.1036,5.1035,12.0929,4.958,3.352,6.3519,12.958,6.0929,15.1035,8.1036,8.1036,8.1004,9.0524,8.776,2.0518,7.3521,12.958,15.0929,22.1035,12.1036,14.1035,12.096,14.999,9.5367,1.0561,6.3521,10.958,13.0929,15.1035,9.1036,7.1036,9.1035,14.0929,5.958,2.352,9.3521,10.958,13.0929,12.1035,12.1036,10.1036,5.1035,20.0924,10.9554,7.3476,5.3521,14.958,6.0929,14.1035,7.1036,14.1036,12.1009,14.0597,7.8087,2.1057,7.3521,8.958,8.0929,13.1035,10.1036,5.1036,8.1009,13.0597,15.8087,4.1058],[4.0981,7.798,4.0438,5.0531,8.9436,2.8453,4.9048,5.8923,7.5304,1.7623,6.352,13.9579,10.0928,9.1034,8.1035,5.1035,7.1003,11.0518,7.7733,2.0474,3.2975,6.9221,4.078,3.0928,8.0934,3.096,4.0972,4.0518,2.7759,3.0517,7.352,15.9579,16.0928,16.1034,11.1035,15.1035,19.1034,18.0928,15.9579,5.352,4.352,13.9579,10.0928,14.1034,5.1035,4.1035,7.1029,14.085,11.9226,3.2936,3.2932,4.9195,5.0733,3.0671,4.046,4.0637,3.078,6.9522,3.3497,0.7534,8.352,12.9579,7.0928,22.1034,10.1035,7.1035,15.1034,21.0928,16.9579,3.352,3.1052,10.806,8.0547,10.0956,5.0986,8.1009,13.0998,7.0528,2.7785,2.0561,2.3432,5.9527,7.0913,6.1003,9.0965,5.0939,11.0645,5.9103,4.5649,1.9608,3.352,11.9579,3.0928,9.1034,9.1035,6.1035,9.1034,12.0923,6.9553,2.3476,3.3476,11.9553,5.0923,7.1034,8.1035,6.1035,10.1024,13.0772,7.8873,3.2354,6.352,17.9579,7.0928,17.1034,11.1035,9.1035,16.1003,17.0518,7.7733,4.0474,6.352,11.9579,6.0928,16.1034,4.1035,7.1035,14.1034,17.0923,9.9553,3.3476,5.352,15.9579,11.0928,15.1034,12.1035,6.1035,14.1029,13.0855,9.9252,4.2981,5.352,13.9579,8.0928,18.1034,8.1035,8.1034,15.0985,8.0311,9.6807,1.2937,3.352,8.9579,8.0928,11.1034,4.1035,5.1035,9.1024,9.0782,4.8925,4.2442],[1.25,3.5787,4.8895,3.9,3.7207,1.9553,2.583,2.4441,3.0137,0.7752,3.3445,12.9478,13.0822,14.0928,15.0929,10.0928,12.0879,13.0205,8.6706,1.2861,5.3323,10.9047,6.9873,5.9662,4.9663,2.9985,4.0518,6.0666,4.912,3.2861,9.3445,15.9478,9.0822,18.0928,16.0929,11.0929,20.0928,22.0822,15.9478,5.3445,3.3445,9.9478,4.0822,5.0928,7.0929,5.0929,6.0923,12.0744,6.9125,2.2862,4.0414,3.7357,6.9873,4.0466,3.0412,4.0026,2.9878,3.8751,4.2828,0.7153,7.3445,10.9478,7.0822,12.0928,13.0929,8.0929,22.0928,9.0822,8.9478,3.3445,3.2294,3.8492,4.0064,8.0264,7.0317,4.0596,5.0785,13.9951,5.5592,1.1026,3.2905,7.9146,5.0671,7.0523,7.0062,4.0018,2.9945,4.7786,1.7053,1.1026,7.3445,11.9478,14.0822,15.0928,13.0929,9.0929,15.0923,14.0749,10.9151,4.2906,3.2906,11.9151,10.0749,12.0923,8.0929,10.0929,6.0897,7.0417,7.7658,2.0442,8.3445,19.9478,13.0822,28.0928,10.0929,13.0929,15.0918,20.0671,11.8798,2.2322,5.3445,13.9478,7.0822,16.0928,12.0929,11.0929,22.0923,20.0749,10.9151,4.2906,7.3445,8.9478,10.0822,11.0928,10.0929,13.0929,11.0902,13.0495,11.8011,6.1026,5.3445,22.9478,10.0822,18.0928,18.0929,8.0929,9.0871,13.0095,14.6217,3.8068,5.3445,13.9478,11.0822,9.0928,11.0929,8.0929,10.0902,20.049,10.7985,3.0982],[1.5843,3.1034,2.3092,2.3192,4.2336,3.1985,2.1444,1.1295,0.6471,0.2867,4.2501,8.8207,4.9478,10.9579,8.958,5.958,12.9527,9.8824,9.5273,1.7662,5.2147,4.6387,4.5239,6.3899,6.39,3.5341,2.7759,4.912,12.8155,4.2456,8.2501,25.8207,12.9478,22.9579,19.958,18.958,14.9579,39.9478,21.8207,4.2501,4.2501,7.8207,6.9478,11.9579,8.958,7.958,7.9553,9.9151,8.674,2.0081,0.9755,7.2854,3.6167,6.7689,3.7457,3.5641,4.5265,3.4946,2.9729,0.5586,9.2501,16.8207,7.9478,14.9579,13.958,8.958,13.9579,7.9478,6.8207,2.2501,5.9711,15.5221,6.64,12.6619,5.6834,7.8086,6.9182,13.8586,6.4321,1.0082,6.0082,12.6714,3.8798,8.7759,5.5694,8.5668,3.7432,8.7331,10.4295,1.8615,4.2501,10.8207,11.9478,17.9579,8.958,10.958,9.9553,9.9151,4.674,3.0082,7.0082,12.674,7.9151,6.9553,7.958,6.9579,6.9509,6.8612,5.4321,1.0081,5.2501,19.8207,9.9478,19.9579,9.958,12.958,13.9553,19.9146,7.6714,3.0037,2.2501,14.8207,5.9478,11.9579,5.958,8.958,12.9553,13.9151,8.674,5.0082,6.2501,12.8207,6.9478,20.9579,4.958,8.9579,12.9535,20.8939,10.5788,1.2501,6.2501,11.8207,5.9478,10.9579,9.958,6.9579,7.9504,8.8539,8.3994,0.9543,6.2501,9.8207,7.9478,10.9579,8.958,7.9579,6.9535,16.8939,8.5788,1.25],[0.472,0.6752,0.7407,0.7481,0.7701,0.9042,1.5363,0.5544,0.1933,0.055,5.8262,13.2501,7.3445,9.352,9.3521,4.352,16.3471,7.2833,7.9755,0.7723,1.7678,1.9498,1.0443,0.8143,0.8144,1.0519,3.0517,3.2861,4.2456,1.826,11.8262,27.2501,13.3445,19.352,12.3521,16.3521,22.352,22.3445,18.2501,2.8262,1.8262,3.2501,2.3445,5.352,4.3521,3.352,7.3476,9.2906,4.0082,0.8262,0.5304,2.6195,1.2534,4.0448,3.0022,1.1013,1.0486,1.7124,0.7679,0.2795,4.8262,11.2501,7.3445,7.352,7.3521,6.3521,9.352,10.3445,8.2501,2.8262,0.7721,1.7619,1.2367,3.8638,1.2981,2.1058,4.2949,2.3001,4.0706,1.5304,0.8261,8.0037,2.2323,5.0518,1.1101,1.1097,5.0484,3.2462,3.159,1.7395,6.8262,11.2501,5.3445,7.352,3.3521,4.352,12.3476,3.2906,2.0082,0.8262,0.8262,4.0082,7.2906,7.3476,2.352,4.352,4.345,6.2579,4.8615,0.5843,6.8262,7.2501,7.3445,5.352,9.3521,7.352,9.3476,8.2906,8.0082,0.8261,2.8262,12.2501,9.3445,8.352,8.3521,8.352,8.3476,16.2906,5.0082,0.8262,5.8262,6.2501,5.3445,12.352,5.3521,10.3521,3.3494,11.3118,8.1034,2.5843,2.8262,10.2501,7.3445,6.352,4.3521,3.352,6.345,11.2574,3.8589,0.5799,6.8262,13.2501,7.3445,10.352,10.3521,2.3521,5.3494,12.3118,9.1034,1.5843],[1.5233,0.9171,0.6556,0.514,0.6049,0.7188,0.7489,0.7484,0.7079,0.5259,21.8262,29.2501,28.3445,20.352,32.3521,30.3521,23.352,30.3445,28.2501,23.8262,7.8262,11.2501,11.3445,9.352,12.3521,11.3521,7.352,9.3445,8.2501,11.8262,48.8262,52.2501,63.3445,44.352,53.3521,75.3521,48.352,45.3445,55.2501,70.8262,11.8262,13.2501,11.3445,9.352,13.3521,6.3521,8.352,12.3445,18.2501,12.8262,1.8262,3.2501,4.3445,2.352,3.3521,2.3521,3.352,3.3445,2.2501,2.8262,43.8262,48.2501,59.3445,22.352,59.3521,47.3521,36.352,28.3445,52.2501,39.8262,21.8262,21.2501,32.3445,22.352,15.3521,16.3521,13.352,16.3445,25.2501,24.8262,6.8262,3.2501,3.3445,3.352,4.3521,3.3521,3.352,3.3445,3.2501,3.8262,4.8262,13.2501,13.3445,8.352,8.3521,12.3521,10.352,15.3445,12.2501,13.8262,24.8262,26.2501,41.3445,27.352,31.3521,39.3521,20.352,31.3445,31.2501,28.8262,56.8262,63.2501,63.3445,50.352,51.3521,39.3521,43.352,34.3445,58.2501,62.8262,35.8262,50.2501,69.3445,31.352,34.3521,66.3521,40.352,49.3445,52.2501,54.8262,34.8262,42.2501,71.3445,36.352,43.3521,55.3521,35.352,36.3445,44.2501,31.8262,27.8262,42.2501,50.3445,23.352,27.3521,36.3521,28.352,31.3445,38.2501,39.8262,16.8262,22.2501,28.3445,18.352,22.3521,28.3521,21.352,22.3445,27.2501,23.8262],[7.0637,8.3429,6.1353,1.3546,7.1102,6.2982,5.3476,4.3444,4.2501,4.8262,46.2501,51.8207,62.9478,53.9579,42.958,58.958,40.9579,43.9478,46.8207,64.2501,22.2501,19.8207,38.9478,15.9579,15.958,10.958,15.9579,15.9478,25.8207,27.2501,52.2501,95.8207,72.9478,64.9579,84.9580000000001,97.9580000000001,67.9579000000001,69.9478,107.8207,88.2501,38.2501,35.8207,57.9478,35.9579,40.958,25.958,29.9579,53.9478,41.8207,28.2501,8.2501,6.8207,4.9478,3.9579,3.958,5.958,4.9579,3.9478,4.8207,5.2501,46.2501,68.8207,72.9478,38.9579,45.958,61.958,59.9579,46.9478,68.8207,61.2501,16.2501,19.8207,28.9478,20.9579,14.958,18.958,15.9579,20.9478,27.8207,22.2501,22.2501,15.8207,20.9478,15.9579,9.958,14.958,9.9579,11.9478,15.8207,14.2501,43.2501,56.8207,75.9478,51.9579,55.958,48.958,57.9579,53.9478,66.8207,51.2501,23.2501,26.8207,30.9478,16.9579,22.958,30.958,22.9579,18.9478,31.8207,34.2501,38.2501,62.8207,67.9478,40.9579,34.958,45.958,31.9579,42.9478,46.8207,55.2501,33.2501,45.8207,60.9478,34.9579,39.958,50.958,32.9579,30.9478,44.8207,48.2501,20.2501,25.8207,36.9478,21.9579,25.958,28.958,24.9579,19.9478,21.8207,31.2501,43.2501,50.8207,62.9478,44.9579,46.958,41.958,28.9579,43.9478,41.8207,50.2501,62.2501,50.8207,88.9478,52.9579,53.958,62.958,54.9579,52.9478,67.8207,63.2501],[7.3014,14.8207,17.8084,7.7165,11.8113,13.9253,13.9553,8.9478,10.8207,7.2501,41.3445,49.9478,52.0822,40.0928,44.0929,52.0929,25.0928,28.0822,43.9478,35.3445,14.3445,17.9478,10.0822,9.0928,14.0929,21.0929,16.0928,9.0822,12.9478,13.3445,63.3445,72.9478,122.0822,82.0928000000001,67.0929000000001,118.0929,85.0928000000001,87.0822000000001,141.9478,103.3445,18.3445,28.9478,35.0822,14.0928,38.0929,31.0929,22.0928,27.0822,32.9478,24.3445,21.3445,26.9478,24.0822,18.0928,23.0929,36.0929,22.0928,24.0822,20.9478,21.3445,74.3445,96.9478,132.0822,89.0928000000001,92.0929000000001,109.0929,74.0928000000001,92.0822000000001,120.9478,92.3445,26.3445,34.9478,43.0822,28.0928,31.0929,37.0929,30.0928,29.0822,35.9478,32.3445,15.3445,21.9478,23.0822,20.0928,17.0929,21.0929,10.0928,6.0822,16.9478,15.3445,44.3445,50.9478,56.0822,37.0928,31.0929,50.0929,31.0928,36.0822,52.9478,50.3445,21.3445,31.9478,43.0822,33.0928,17.0929,35.0929,30.0928,26.0822,31.9478,37.3445,48.3445,66.9478,90.0822000000001,50.0928,65.0929,81.0929000000001,50.0928,54.0822,78.9478,71.3445,43.3445,55.9478,78.0822000000001,54.0928,54.0929,52.0929,53.0928,41.0822,77.9478,60.3445,48.3445,57.9478,60.0822,55.0928,56.0929,59.0929,44.0928,41.0822,62.9478,42.3445,59.3445,73.9478,64.0822,50.0928,68.0929000000001,69.0929000000001,46.0928,57.0822,76.9478,70.3445,57.3445,46.9478,71.0822000000001,40.0928,56.0929,60.0929,39.0928,41.0822,71.9478,60.3445],[9.3484,10.9431,10.05,4.0389,12.0602,7.0856,8.0923,7.0822,8.9478,11.3445,31.352,45.9579,56.0928,39.1034,40.1035,48.1035,39.1034,39.0928,46.9579,39.352,12.352,22.9579,26.0928,21.1034,24.1035,25.1035,16.1034,18.0928,22.9579,19.352,44.352,64.9579,82.0928000000001,44.1034,45.1035,59.1035,39.1034,45.0928,56.9579,53.352,28.352,37.9579,57.0928,25.1034,33.1035,32.1035,25.1034,33.0928,47.9579,34.352,9.352,12.9579,23.0928,6.1034,15.1035,23.1035,19.1034,15.0928,22.9579,15.352,35.352,52.9579,92.0928000000001,43.1034,53.1035,72.1035000000001,44.1034,72.0928000000001,71.9579000000001,76.352,29.352,28.9579,38.0928,24.1034,24.1035,40.1035,26.1034,25.0928,36.9579,34.352,16.352,9.9579,10.0928,10.1034,11.1035,11.1035,11.1034,9.0928,12.9579,15.352,22.352,31.9579,45.0928,27.1034,33.1035,49.1035,31.1034,42.0928,42.9579,47.352,26.352,37.9579,47.0928,25.1034,34.1035,33.1035,26.1034,38.0928,40.9579,40.352,15.352,41.9579,44.0928,36.1034,41.1035,38.1035,32.1034,29.0928,33.9579,35.352,38.352,42.9579,52.0928,40.1034,53.1035